Time	Torque	Current	Voltage	Cadans	Speed
5.559	-2.66	10.57	36.09	0.00	0.00
5.609	-2.10	12.58	35.58	0.00	0.00
5.659	1.83	13.91	36.31	102.74	0.00
5.709	4.07	8.95	36.03	102.74	0.00
5.760	7.99	8.87	36.03	67.57	0.00
5.809	20.31	13.19	36.09	67.57	0.00
5.859	21.43	9.38	35.86	67.57	0.00
5.909	20.87	13.26	36.14	53.96	0.00
5.959	19.19	8.66	35.86	53.96	20.69
6.009	21.99	12.11	35.41	61.98	20.69
6.060	23.11	8.30	35.97	61.98	20.69
6.109	16.39	9.34	35.86	61.98	20.69
6.159	5.75	8.37	36.14	59.06	20.69
6.209	7.43	11.39	35.46	59.06	20.69
6.259	-5.46	10.21	35.80	60.98	20.69
6.309	-0.98	10.93	35.58	60.98	20.69
6.360	-6.58	11.47	35.46	60.98	19.54
6.409	-12.18	13.48	36.20	58.59	19.54
6.459	-10.50	12.22	35.35	58.59	19.54
6.509	-8.26	11.54	35.46	62.50	19.54
6.559	-15.54	8.15	36.03	62.50	19.54
6.609	-4.90	9.85	35.75	62.50	19.54
6.659	-6.58	10.06	36.14	56.39	19.54
6.709	6.87	9.49	36.14	56.39	19.54
6.759	5.75	13.05	36.20	68.81	19.44
6.809	21.99	8.37	35.97	68.81	19.44
6.859	19.19	9.85	35.80	68.81	19.44
6.909	25.35	8.37	36.09	54.35	19.44
6.959	17.51	8.77	35.92	54.35	19.44
7.009	18.07	7.58	36.14	74.26	19.44
7.059	18.63	7.15	36.20	74.26	19.44
7.109	5.75	8.37	36.20	63.56	19.44
7.159	4.07	7.36	36.37	63.56	19.30
7.209	2.39	8.55	36.09	63.56	19.30
7.259	-9.94	10.64	35.63	57.25	19.30
7.309	-15.54	9.16	35.92	57.25	19.30
7.359	-15.54	8.91	35.97	64.66	19.30
7.409	-17.22	8.62	36.09	64.66	19.30
7.459	-19.46	9.20	36.66	64.66	19.30
7.510	-22.82	6.82	36.48	48.70	21.67
7.559	-18.90	6.50	36.54	48.70	21.67
7.609	-16.10	6.75	36.48	48.70	21.67
7.659	-14.98	9.70	36.60	48.70	21.67
7.709	-14.98	8.98	36.09	48.70	21.67
7.759	-16.10	8.23	36.20	48.70	21.67
7.810	-14.42	8.41	36.14	48.70	21.67
7.859	-13.30	7.04	36.43	48.70	21.43
7.909	-16.10	0.96	37.85	48.70	21.43
7.959	-16.10	-0.02	38.19	48.70	21.43
8.009	-15.54	-0.05	38.30	0.00	21.43
8.059	-14.98	-0.05	38.42	0.00	21.43
8.110	-13.86	-0.02	38.47	0.00	21.43
8.160	-15.54	0.02	38.53	0.00	21.43
8.210	-17.78	-0.02	38.59	0.00	21.43
8.260	-17.22	-0.05	38.59	0.00	20.47
8.310	-15.54	-0.02	38.64	0.00	20.47
8.360	-15.54	-0.05	38.64	0.00	20.47
8.410	-17.22	-0.05	38.64	0.00	20.47
8.460	-17.22	-0.02	38.64	0.00	20.47
8.510	-11.06	-0.05	38.70	0.00	20.47
8.560	-14.42	-0.05	38.70	0.00	20.47
8.610	-12.18	-0.02	38.70	0.00	22.10
8.660	-12.74	-0.09	38.70	0.00	22.10
8.710	-14.42	0.02	38.70	0.00	22.10
8.760	-14.98	-0.02	38.70	0.00	22.10
8.810	-12.74	-0.02	38.70	0.00	22.10
8.860	-6.58	-0.05	38.70	0.00	22.10
8.910	-9.94	0.02	38.70	0.00	22.10
8.961	-17.22	-0.02	38.76	0.00	21.08
9.010	-20.02	-0.09	38.76	0.00	21.08
9.060	-15.54	-0.05	38.76	0.00	21.08
9.110	-11.06	-0.05	38.76	0.00	21.08
9.160	-12.74	-0.02	38.76	0.00	21.08
9.210	-15.54	-0.02	38.76	0.00	21.08
9.261	-15.54	-0.12	38.76	0.00	21.08
9.310	-13.30	-0.02	38.76	0.00	21.08
9.360	-11.62	-0.02	38.76	0.00	20.15
9.410	-13.30	-0.05	38.76	0.00	20.15
9.460	-13.86	0.02	38.76	0.00	20.15
9.510	-12.18	-0.05	38.76	0.00	20.15
9.561	-11.62	-0.02	38.76	0.00	20.15
9.611	-11.06	-0.05	38.76	0.00	20.15
9.661	-12.18	-0.05	38.76	0.00	20.15
9.711	-13.86	-0.02	38.76	0.00	20.15
9.761	-12.74	0.02	38.76	0.00	19.49
9.811	-11.62	0.02	38.76	0.00	19.49
9.861	-12.18	-0.02	38.76	0.00	19.49
9.911	-13.86	0.02	38.76	0.00	19.49
9.961	-14.42	-0.05	38.76	0.00	19.49
10.011	-13.30	0.02	38.76	0.00	19.49
10.061	-12.74	-0.02	38.76	0.00	19.49
10.112	-12.74	-0.05	38.76	0.00	19.49
10.161	-12.74	-0.02	38.76	0.00	19.39
10.211	-11.62	0.02	38.76	0.00	19.39
10.261	-11.06	0.06	38.76	0.00	19.39
10.311	-11.06	0.02	38.76	0.00	19.39
10.361	-10.50	-0.05	38.81	0.00	19.39
10.412	-11.06	-0.02	38.81	0.00	19.39
10.461	-12.18	0.02	38.76	0.00	19.39
10.511	-12.18	-0.02	38.76	0.00	19.39
10.561	-12.18	-0.02	38.81	0.00	18.78
10.611	-11.62	0.06	38.81	0.00	18.78
10.661	-11.06	0.02	38.81	0.00	18.78
10.712	-11.62	-0.02	38.81	0.00	18.78
10.761	-12.18	0.02	38.81	0.00	18.78
10.811	-11.62	-0.09	38.81	0.00	18.78
10.861	-12.18	0.02	38.81	0.00	18.78
10.911	-11.06	0.02	38.81	0.00	18.78
10.961	-11.62	-0.05	38.81	0.00	18.78
11.011	-12.18	-0.02	38.81	0.00	17.75
11.061	-11.62	0.02	38.81	0.00	17.75
11.111	-12.18	-0.02	38.81	0.00	17.75
11.161	-11.62	-0.05	38.81	0.00	17.75
11.211	-11.06	0.02	38.81	0.00	17.75
11.261	-12.18	-0.02	38.81	0.00	17.75
11.311	-12.74	-0.05	38.81	0.00	17.75
11.361	-13.86	-0.05	38.81	0.00	17.75
11.411	-12.74	0.02	38.81	0.00	19.06
11.461	-11.62	-0.05	38.81	0.00	19.06
11.511	-11.06	-0.09	38.81	0.00	19.06
11.561	-12.18	-0.02	38.81	0.00	19.06
11.611	-12.18	-0.02	38.81	0.00	19.06
11.661	-10.50	-0.02	38.81	0.00	19.06
11.711	-10.50	-0.02	38.81	0.00	19.06
11.761	-12.18	0.02	38.81	0.00	19.06
11.811	-13.30	-0.02	38.81	0.00	19.06
11.862	-13.30	0.02	38.81	0.00	17.51
11.911	-11.62	-0.02	38.81	0.00	17.51
11.961	-11.62	-0.02	38.81	0.00	17.51
12.011	-13.30	0.02	38.81	0.00	17.51
12.061	-13.86	-0.05	38.81	0.00	17.51
12.111	-12.18	0.02	38.81	0.00	17.51
12.162	-12.18	-0.02	38.81	0.00	17.51
12.211	-12.18	-0.05	38.81	0.00	17.51
12.261	-12.74	-0.05	38.81	0.00	18.43
12.311	-12.74	-0.02	38.81	0.00	18.43
12.361	-11.62	0.02	38.81	0.00	18.43
12.411	-11.06	-0.02	38.81	0.00	18.43
12.462	-11.62	-0.05	38.81	0.00	18.43
12.512	-12.18	0.02	38.81	0.00	18.43
12.562	-12.18	-0.02	38.81	0.00	18.43
12.612	-12.74	-0.09	38.81	0.00	18.43
12.662	-11.06	-0.02	38.81	0.00	18.43
12.712	-11.06	0.02	38.81	0.00	17.55
12.762	-12.18	-0.05	38.81	0.00	17.55
12.812	-12.18	-0.02	38.81	0.00	17.55
12.862	-10.50	-0.02	38.81	0.00	17.55
12.912	-10.50	0.06	38.81	0.00	17.55
12.962	-10.50	0.06	38.81	0.00	17.55
13.012	-11.06	-0.02	38.81	0.00	17.55
13.062	-12.18	0.06	38.81	0.00	17.55
13.112	-9.38	-0.02	38.81	0.00	17.55
13.162	-11.62	-0.02	38.81	0.00	17.51
13.212	-11.62	-0.05	38.81	0.00	17.51
13.262	-11.62	0.02	38.81	0.00	17.51
13.313	-11.06	-0.02	38.81	0.00	17.51
13.362	-10.50	0.02	38.81	0.00	17.51
13.412	-11.62	-0.02	38.81	0.00	17.51
13.462	-13.30	-0.05	38.81	0.00	17.51
13.512	-14.98	-0.02	38.81	0.00	17.51
13.562	-11.62	0.02	38.81	0.00	17.51
13.613	-11.62	-0.05	38.81	0.00	17.20
13.662	-12.18	-0.02	38.81	0.00	17.20
13.712	-12.74	-0.02	38.81	0.00	17.20
13.762	-14.42	-0.02	38.81	0.00	17.20
13.812	-12.74	-0.09	38.81	0.00	17.20
13.862	-11.06	-0.12	38.81	0.00	17.20
13.913	-11.62	-0.05	38.81	0.00	17.20
13.963	-12.74	-0.05	38.81	0.00	17.20
14.013	-12.74	-0.05	38.81	0.00	17.20
14.063	-11.06	0.06	38.81	0.00	16.94
14.113	-11.62	-0.05	38.87	0.00	16.94
14.163	-12.18	-0.05	38.87	0.00	16.94
14.213	-12.74	-0.05	38.81	0.00	16.94
14.263	-12.74	-0.02	38.87	0.00	16.94
14.313	-12.18	0.06	38.87	0.00	16.94
14.363	-11.06	-0.02	38.87	0.00	16.94
14.413	-12.18	-0.05	38.87	0.00	16.94
14.464	-12.74	-0.05	38.87	0.00	16.94
14.513	-12.18	0.02	38.87	0.00	16.90
14.563	-11.62	-0.05	38.87	0.00	16.90
14.613	-11.62	-0.05	38.87	0.00	16.90
14.663	-11.06	-0.09	38.87	0.00	16.90
14.713	-11.06	-0.02	38.87	0.00	16.90
14.764	-12.74	0.02	38.87	0.00	16.90
14.813	-12.74	0.02	38.87	0.00	16.90
14.863	-12.18	-0.02	38.87	0.00	16.90
14.913	-10.50	0.02	38.87	0.00	16.90
14.963	-10.50	-0.02	38.87	0.00	16.90
15.013	-11.06	0.02	38.87	0.00	16.23
15.064	-12.74	-0.09	38.87	0.00	16.23
15.113	-12.18	-0.02	38.87	0.00	16.23
15.163	-11.06	-0.02	38.87	0.00	16.23
15.213	-11.62	-0.02	38.87	0.00	16.23
15.263	-12.18	0.02	38.87	0.00	16.23
15.313	-11.62	-0.09	38.87	0.00	16.23
15.363	-12.18	0.09	38.87	0.00	16.23
15.413	-11.62	-0.05	38.87	0.00	16.23
15.463	-11.06	-0.02	38.87	0.00	16.51
15.513	-12.18	-0.05	38.87	0.00	16.51
15.563	-11.06	0.06	38.87	0.00	16.51
15.613	-11.62	0.02	38.87	0.00	16.51
15.663	-11.06	0.02	38.87	0.00	16.51
15.713	-11.62	-0.02	38.87	0.00	16.51
15.763	-11.06	0.06	38.87	0.00	16.51
15.813	-10.50	-0.02	38.87	0.00	16.51
15.863	-10.50	0.02	38.87	0.00	16.51
15.913	-11.06	0.02	38.87	0.00	16.51
15.963	-11.06	0.02	38.87	0.00	16.10
16.013	-11.06	0.02	38.87	0.00	16.10
16.063	-11.62	-0.02	38.87	0.00	16.10
16.113	-12.18	0.02	38.87	0.00	16.10
16.163	-12.18	0.06	38.87	0.00	16.10
16.214	-9.94	-0.02	38.87	0.00	16.10
16.263	-9.94	0.06	38.87	0.00	16.10
16.313	-12.18	-0.12	38.87	0.00	16.10
16.363	-13.30	-0.05	38.87	0.00	16.10
16.413	-12.18	0.02	38.87	0.00	16.10
16.463	-10.50	0.06	38.87	0.00	15.58
16.514	-11.06	-0.02	38.87	0.00	15.58
16.563	-13.86	-0.02	38.87	0.00	15.58
16.613	-13.30	-0.02	38.87	0.00	15.58
16.663	-12.18	-0.02	38.87	0.00	15.58
16.713	-10.50	-0.02	38.87	0.00	15.58
16.763	-9.94	-0.02	38.87	0.00	15.58
16.814	-12.74	-0.05	38.87	0.00	15.58
16.864	-11.62	-0.02	38.87	0.00	15.58
16.914	-8.82	-0.05	38.87	0.00	16.23
16.964	-9.38	0.06	38.87	0.00	16.23
17.014	-12.18	-0.02	38.87	0.00	16.23
17.064	-13.86	-0.05	38.87	0.00	16.23
17.114	-12.74	0.02	38.87	0.00	16.23
17.164	-9.38	0.06	38.87	0.00	16.23
17.214	-8.82	-0.05	38.87	0.00	16.23
17.264	-10.50	-0.02	38.87	0.00	16.23
17.314	-13.86	0.02	38.87	0.00	16.23
17.364	-13.86	0.02	38.87	0.00	16.23
17.414	-11.06	0.02	38.87	0.00	16.23
17.464	-9.38	0.02	38.87	0.00	14.86
17.514	-9.94	-0.09	38.87	0.00	14.86
17.564	-13.86	-0.02	38.87	0.00	14.86
17.614	-13.30	-0.05	38.87	0.00	14.86
17.665	-11.06	0.02	38.87	0.00	14.86
17.714	-11.62	-0.05	38.87	0.00	14.86
17.764	-12.18	-0.02	38.87	0.00	14.86
17.814	-12.74	-0.05	38.87	0.00	14.86
17.864	-13.86	-0.05	38.87	0.00	14.86
17.914	-13.30	-0.05	38.87	0.00	14.86
17.965	-12.18	-0.05	38.87	0.00	15.49
18.014	-12.74	-0.02	38.87	0.00	15.49
18.064	-13.30	-0.05	38.87	0.00	15.49
18.114	-12.18	-0.02	38.87	0.00	15.49
18.164	-11.06	-0.02	38.87	0.00	15.49
18.214	-11.06	-0.05	38.87	0.00	15.49
18.265	-11.62	-0.02	38.87	0.00	15.49
18.315	-11.62	-0.02	38.87	0.00	15.49
18.365	-11.06	-0.02	38.87	0.00	15.49
18.415	-11.06	-0.05	38.87	0.00	15.49
18.465	-11.06	0.02	38.87	0.00	15.24
18.515	-11.62	0.02	38.87	0.00	15.24
18.565	-11.06	0.09	38.87	0.00	15.24
18.615	-11.62	-0.02	38.87	0.00	15.24
18.665	-11.62	-0.05	38.87	0.00	15.24
18.715	-12.18	0.02	38.87	0.00	15.24
18.765	-12.18	0.02	38.87	0.00	15.24
18.816	-11.62	0.02	38.87	0.00	15.24
18.865	-12.18	-0.05	38.87	0.00	15.24
18.915	-11.06	-0.05	38.87	0.00	15.24
18.965	-12.18	-0.12	38.87	0.00	15.24
19.015	-12.18	-0.05	38.87	0.00	14.34
19.065	-12.18	0.02	38.87	0.00	14.34
19.116	-11.62	-0.05	38.87	0.00	14.34
19.165	-12.18	-0.05	38.87	0.00	14.34
19.215	-11.62	-0.05	38.87	0.00	14.34
19.265	-12.74	0.02	38.87	0.00	14.34
19.315	-13.30	-0.02	38.87	0.00	14.34
19.365	-12.18	-0.05	38.87	0.00	14.34
19.416	-11.06	-0.02	38.87	0.00	14.34
19.465	-11.06	-0.09	38.87	0.00	14.34
19.515	-11.06	-0.05	38.87	0.00	14.83
19.565	-10.50	-0.09	38.87	0.00	14.83
19.615	-10.50	0.02	38.87	0.00	14.83
19.665	-9.94	-0.05	38.87	0.00	14.83
19.715	-9.94	0.02	38.87	0.00	14.83
19.765	-9.94	-0.02	38.87	0.00	14.83
19.815	-9.38	0.02	38.87	0.00	14.83
19.865	-7.70	-0.05	38.87	0.00	14.83
19.915	-7.14	-0.02	38.87	0.00	14.83
19.965	-7.14	0.02	38.87	0.00	14.83
20.015	-7.70	0.02	38.87	0.00	14.83
20.065	-7.70	0.02	38.87	0.00	14.42
20.115	-7.14	0.06	38.87	0.00	14.42
20.165	-6.58	0.02	38.87	0.00	14.42
20.215	-7.14	0.02	38.87	0.00	14.42
20.265	-7.14	-0.05	38.87	0.00	14.42
20.315	-6.58	-0.02	38.87	0.00	14.42
20.365	-7.70	-0.05	38.87	0.00	14.42
20.415	-6.58	-0.02	38.87	0.00	14.42
20.465	-7.70	-0.02	38.87	0.00	14.42
20.515	-6.58	-0.02	38.87	0.00	14.42
20.566	-7.14	-0.02	38.87	0.00	14.42
20.615	-7.14	-0.05	38.87	0.00	14.37
20.665	-6.58	-0.05	38.87	0.00	14.37
20.715	-6.02	0.02	38.87	0.00	14.37
20.765	-6.02	-0.02	38.87	0.00	14.37
20.815	-5.46	-0.02	38.87	0.00	14.37
20.866	-6.02	0.02	38.87	0.00	14.37
20.915	-6.02	-0.05	38.87	0.00	14.37
20.965	-5.46	-0.05	38.87	0.00	14.37
21.015	-5.46	-0.02	38.87	0.00	14.37
21.065	-4.90	-0.02	38.87	0.00	14.37
21.115	-5.46	-0.05	38.87	0.00	14.37
