Time	Torque	Current	Voltage	Cadans	Speed
5.555	-11.62	13.26	36.09	0.00	0.00
5.605	-16.10	12.72	35.18	0.00	0.00
5.655	-16.66	10.78	35.52	0.00	0.00
5.705	-11.06	8.55	35.92	60.48	0.00
5.755	-11.62	11.47	35.41	60.48	0.00
5.806	-12.18	9.52	35.69	66.96	0.00
5.856	0.14	13.66	36.03	66.96	0.00
5.906	8.55	11.00	35.52	66.96	0.00
5.956	6.31	9.77	35.69	49.34	0.00
6.006	8.55	10.96	35.52	49.34	0.00
6.056	11.35	11.36	35.41	49.34	0.00
6.106	0.70	12.58	36.14	49.34	14.83
6.156	5.75	10.35	35.63	49.34	14.83
6.206	-1.54	9.56	35.75	49.34	14.83
6.256	4.07	2.94	37.22	49.34	14.83
6.306	-2.10	0.02	38.08	49.34	14.83
6.356	0.14	-0.02	38.25	49.34	14.83
6.406	-1.54	-0.05	38.36	49.34	14.83
6.456	-3.78	-0.05	38.42	15.50	20.58
6.506	-3.78	-0.02	38.53	15.50	20.58
6.556	-3.22	-0.05	38.53	15.50	20.58
6.606	-5.46	0.02	38.59	15.50	20.58
6.657	-7.14	-0.05	38.64	15.50	20.58
6.706	-9.38	0.06	38.64	15.50	20.58
6.756	-9.94	-0.02	38.64	15.50	20.58
6.806	-12.18	-0.02	38.64	15.50	20.58
6.856	-12.18	0.02	38.70	15.50	20.58
6.906	-11.62	-0.09	38.70	15.50	18.34
6.957	-11.06	-0.05	38.70	0.00	18.34
7.006	-11.62	-0.02	38.70	0.00	18.34
7.056	-12.18	-0.05	38.70	0.00	18.34
7.106	-12.18	-0.05	38.76	0.00	18.34
7.156	-9.38	-0.02	38.76	0.00	18.34
7.206	-10.50	-0.05	38.76	0.00	18.34
7.257	-10.50	0.06	38.76	0.00	18.34
7.307	-11.62	-0.02	38.76	0.00	19.39
7.357	-9.38	0.06	38.76	0.00	19.39
7.407	-12.74	-0.02	38.76	0.00	19.39
7.457	-11.06	0.02	38.76	0.00	19.39
7.507	-9.94	-0.09	38.76	0.00	19.39
7.557	-9.38	-0.05	38.76	0.00	19.39
7.607	-10.50	-0.05	38.76	0.00	19.39
7.657	-12.74	0.02	38.76	0.00	19.39
7.707	-8.82	-0.02	38.76	0.00	18.83
7.757	-6.58	0.02	38.76	0.00	18.83
7.808	-9.38	0.02	38.76	0.00	18.83
7.857	-13.30	-0.05	38.76	0.00	18.83
7.907	-12.18	-0.05	38.76	0.00	18.83
7.957	-8.82	-0.02	38.76	0.00	18.83
8.007	-7.14	-0.05	38.81	0.00	18.83
8.057	-8.82	-0.12	38.81	0.00	18.83
8.108	-10.50	0.02	38.81	32.75	18.83
8.157	-10.50	-0.02	38.81	32.75	17.67
8.207	-8.82	0.02	38.81	32.75	17.67
8.257	-9.94	-0.09	38.81	32.75	17.67
8.307	-11.06	-0.05	38.81	32.75	17.67
8.357	-10.50	-0.05	38.81	32.75	17.67
8.408	-8.26	-0.09	38.81	32.75	17.67
8.457	-7.70	0.09	38.81	32.75	17.67
8.507	-8.82	-0.02	38.81	32.75	17.67
8.557	-9.38	-0.09	38.81	32.75	18.34
8.607	-9.38	0.02	38.81	0.00	18.34
8.657	-8.26	0.02	38.81	0.00	18.34
8.707	-8.82	-0.02	38.81	0.00	18.34
8.757	-9.38	-0.02	38.81	0.00	18.34
8.807	-9.38	-0.02	38.81	0.00	18.34
8.857	-9.38	0.02	38.81	0.00	18.34
8.907	-9.94	0.02	38.81	0.00	18.34
8.957	-10.50	0.02	38.81	0.00	18.34
9.007	-9.94	-0.02	38.81	0.00	18.34
9.057	-11.06	-0.02	38.81	0.00	16.30
9.107	-11.62	-0.05	38.81	0.00	16.30
9.157	-11.06	-0.05	38.81	0.00	16.30
9.207	-9.94	-0.05	38.81	0.00	16.30
9.257	-9.94	-0.02	38.81	0.00	16.30
9.307	-8.82	-0.05	38.81	0.00	16.30
9.357	-9.94	-0.02	38.81	0.00	16.30
9.407	-10.50	0.02	38.81	0.00	16.30
9.457	-9.94	-0.05	38.81	0.00	16.30
9.507	-10.50	-0.05	38.81	0.00	17.20
9.558	-11.06	0.02	38.81	0.00	17.20
9.607	-10.50	-0.02	38.81	0.00	17.20
9.657	-9.94	-0.09	38.81	0.00	17.20
9.707	-10.50	-0.05	38.81	0.00	17.20
9.757	-11.06	-0.02	38.81	0.00	17.20
9.807	-11.62	-0.02	38.81	0.00	17.20
9.858	-11.06	-0.05	38.81	0.00	17.20
9.907	-11.06	-0.02	38.81	0.00	17.20
9.957	-11.62	-0.02	38.81	0.00	16.79
10.007	-12.18	-0.05	38.81	0.00	16.79
10.057	-11.06	-0.05	38.81	0.00	16.79
10.107	-10.50	-0.09	38.81	0.00	16.79
10.158	-11.06	0.06	38.81	0.00	16.79
10.208	-10.50	-0.02	38.81	0.00	16.79
10.258	-11.06	0.02	38.81	0.00	16.79
10.308	-11.06	0.06	38.81	0.00	16.79
10.358	-10.50	-0.02	38.81	0.00	16.79
10.408	-11.06	0.02	38.81	0.00	16.79
10.458	-12.18	-0.02	38.81	0.00	15.87
10.508	-11.62	0.02	38.81	0.00	15.87
10.558	-11.62	-0.02	38.81	0.00	15.87
10.608	-9.94	0.02	38.81	0.00	15.87
10.658	-9.94	-0.02	38.81	0.00	15.87
10.708	-11.06	-0.02	38.87	0.00	15.87
10.758	-11.06	0.02	38.87	0.00	15.87
10.808	-10.50	-0.02	38.81	0.00	15.87
10.858	-10.50	-0.02	38.87	0.00	15.87
10.908	-11.06	-0.02	38.87	0.00	16.47
10.958	-12.18	0.09	38.87	0.00	16.47
11.009	-12.74	0.02	38.87	0.00	16.47
11.058	-11.06	0.02	38.87	0.00	16.47
11.108	-10.50	0.02	38.87	0.00	16.47
11.158	-10.50	0.02	38.87	0.00	16.47
11.208	-12.18	0.02	38.87	0.00	16.47
11.258	-12.18	0.02	38.87	0.00	16.47
11.309	-11.62	-0.02	38.87	0.00	16.47
11.358	-11.62	-0.02	38.87	0.00	16.47
11.408	-11.62	0.02	38.87	0.00	15.83
11.458	-12.74	-0.02	38.87	0.00	15.83
11.508	-12.18	-0.02	38.87	0.00	15.83
11.558	-11.06	-0.05	38.87	0.00	15.83
11.609	-11.06	0.02	38.87	0.00	15.83
11.659	-11.06	-0.02	38.87	0.00	15.83
11.709	-11.06	-0.02	38.87	0.00	15.83
11.759	-10.50	0.02	38.87	0.00	15.83
11.809	-11.62	0.06	38.87	0.00	15.83
11.859	-12.18	0.02	38.87	0.00	15.83
11.909	-11.06	-0.05	38.87	0.00	15.67
11.959	-9.94	-0.02	38.87	0.00	15.67
12.009	-10.50	-0.02	38.87	0.00	15.67
12.059	-11.06	-0.09	38.87	0.00	15.67
12.109	-11.06	0.06	38.87	0.00	15.67
12.160	-9.94	-0.05	38.87	0.00	15.67
12.209	-8.82	0.06	38.87	0.00	15.67
12.259	-9.94	-0.02	38.87	0.00	15.67
12.309	-10.50	0.06	38.87	0.00	15.67
12.359	-11.62	0.02	38.87	0.00	15.67
12.409	-9.94	-0.02	38.87	0.00	15.42
12.460	-11.06	-0.02	38.87	0.00	15.42
12.509	-9.94	0.02	38.87	0.00	15.42
12.559	-11.06	0.02	38.87	0.00	15.42
12.609	-11.06	-0.02	38.87	0.00	15.42
12.659	-10.50	0.06	38.87	0.00	15.42
12.709	-11.06	0.02	38.87	0.00	15.42
12.760	-11.62	0.02	38.87	0.00	15.42
12.809	-12.18	0.02	38.87	0.00	15.42
12.859	-12.74	-0.02	38.87	0.00	15.42
12.909	-12.18	-0.02	38.87	0.00	15.30
12.959	-11.62	-0.05	38.87	0.00	15.30
13.009	-11.06	-0.02	38.87	0.00	15.30
13.059	-11.06	-0.09	38.87	0.00	15.30
13.109	-12.18	-0.02	38.87	0.00	15.30
13.159	-12.18	-0.09	38.87	0.00	15.30
13.209	-11.06	-0.02	38.87	0.00	15.30
13.259	-11.06	0.06	38.87	0.00	15.30
13.309	-11.62	-0.02	38.87	0.00	15.30
13.359	-12.74	-0.05	38.87	0.00	15.30
13.409	-12.18	-0.09	38.87	0.00	15.30
13.459	-10.50	0.02	38.87	0.00	14.53
13.509	-9.94	-0.05	38.87	0.00	14.53
13.559	-11.06	0.06	38.87	0.00	14.53
13.609	-11.62	0.02	38.87	0.00	14.53
13.659	-11.62	0.02	38.87	0.00	14.53
13.709	-9.38	-0.02	38.87	0.00	14.53
13.759	-9.94	-0.02	38.87	0.00	14.53
13.809	-12.18	-0.02	38.87	0.00	14.53
13.859	-12.74	-0.02	38.87	0.00	14.53
13.910	-12.18	-0.05	38.87	0.00	14.53
13.959	-11.06	-0.02	38.87	0.00	15.36
14.009	-10.50	-0.02	38.87	0.00	15.36
14.059	-11.62	-0.02	38.87	0.00	15.36
14.109	-12.74	0.02	38.87	0.00	15.36
14.159	-11.62	0.02	38.87	0.00	15.36
14.210	-11.06	-0.05	38.87	0.00	15.36
14.259	-11.06	0.02	38.87	0.00	15.36
14.309	-11.06	0.02	38.87	0.00	15.36
14.359	-11.62	0.02	38.87	0.00	15.36
14.409	-12.74	-0.05	38.87	0.00	15.36
14.459	-11.06	-0.05	38.87	0.00	15.36
14.510	-10.50	-0.02	38.87	0.00	14.21
14.560	-10.50	-0.02	38.87	0.00	14.21
14.610	-11.06	0.02	38.87	0.00	14.21
14.660	-11.06	-0.02	38.87	0.00	14.21
14.710	-11.62	0.02	38.87	0.00	14.21
14.760	-10.50	0.02	38.87	0.00	14.21
14.810	-10.50	-0.09	38.87	0.00	14.21
14.860	-10.50	-0.02	38.87	0.00	14.21
14.910	-12.18	-0.02	38.87	0.00	14.21
14.960	-11.62	-0.05	38.87	0.00	14.21
15.010	-11.06	0.06	38.87	0.00	14.72
15.060	-11.06	-0.02	38.87	0.00	14.72
15.110	-10.50	-0.02	38.87	0.00	14.72
15.160	-11.06	0.02	38.87	0.00	14.72
15.210	-11.62	0.02	38.87	0.00	14.72
15.260	-11.06	0.02	38.87	0.00	14.72
15.310	-11.62	-0.02	38.87	0.00	14.72
15.361	-11.06	-0.05	38.87	0.00	14.72
15.410	-11.62	-0.05	38.87	0.00	14.72
15.460	-11.06	0.02	38.87	0.00	14.72
15.510	-11.62	-0.05	38.87	0.00	14.72
15.560	-9.94	-0.02	38.87	0.00	14.26
15.610	-9.94	0.02	38.87	0.00	14.26
15.661	-9.38	0.02	38.87	0.00	14.26
15.710	-10.50	-0.02	38.87	0.00	14.26
15.760	-11.06	0.09	38.87	0.00	14.26
15.810	-12.18	0.02	38.87	0.00	14.26
15.860	-11.06	-0.05	38.87	0.00	14.26
15.910	-10.50	-0.05	38.87	0.00	14.26
15.961	-11.06	-0.09	38.87	0.00	14.26
16.011	-11.06	0.02	38.87	0.00	14.26
16.061	-9.94	0.02	38.87	0.00	14.26
16.111	-11.06	-0.02	38.87	0.00	13.98
16.161	-11.62	-0.05	38.87	0.00	13.98
16.211	-11.06	-0.02	38.87	0.00	13.98
16.261	-11.06	-0.05	38.87	0.00	13.98
16.311	-11.62	-0.02	38.87	0.00	13.98
16.361	-11.62	-0.09	38.87	0.00	13.98
16.411	-12.18	-0.05	38.87	0.00	13.98
16.461	-11.62	-0.02	38.87	0.00	13.98
16.512	-10.50	-0.02	38.87	0.00	13.98
16.561	-11.06	-0.09	38.87	0.00	13.98
16.611	-10.50	0.02	38.93	0.00	13.98
16.661	-12.18	0.06	38.93	0.00	13.98
16.711	-12.18	0.06	38.87	0.00	13.49
16.761	-9.94	-0.05	38.87	0.00	13.49
16.812	-9.38	-0.05	38.87	0.00	13.49
16.861	-9.38	-0.02	38.93	0.00	13.49
16.911	-11.06	-0.02	38.87	0.00	13.49
16.961	-11.06	-0.05	38.87	0.00	13.49
17.011	-12.18	0.06	38.93	0.00	13.49
17.061	-10.50	-0.12	38.93	0.00	13.49
17.112	-8.82	0.09	38.87	0.00	13.49
17.161	-9.38	-0.09	38.87	0.00	13.49
17.211	-11.62	-0.05	38.93	0.00	13.49
17.261	-12.18	0.02	38.93	0.00	13.83
17.311	-10.50	-0.09	38.93	0.00	13.83
17.361	-10.50	-0.02	38.93	0.00	13.83
17.411	-8.26	-0.02	38.93	0.00	13.83
17.461	-9.38	-0.02	38.93	0.00	13.83
17.511	-12.18	0.06	38.93	0.00	13.83
17.561	-13.30	-0.05	38.93	0.00	13.83
17.611	-10.50	-0.09	38.93	0.00	13.83
17.661	-9.94	-0.05	38.93	0.00	13.83
17.711	-11.06	0.02	38.93	0.00	13.83
17.761	-11.62	-0.09	38.93	0.00	13.83
17.811	-12.74	-0.02	38.93	0.00	13.83
17.861	-12.18	-0.05	38.93	0.00	13.10
17.911	-11.06	0.02	38.93	0.00	13.10
17.961	-11.62	-0.05	38.87	0.00	13.10
18.011	-12.74	-0.02	38.93	0.00	13.10
18.061	-11.62	-0.02	38.93	0.00	13.10
18.111	-11.06	-0.02	38.93	0.00	13.10
18.161	-12.18	-0.05	38.93	0.00	13.10
18.211	-10.50	0.02	38.93	0.00	13.10
18.262	-11.06	-0.05	38.93	0.00	13.10
18.311	-11.62	-0.05	38.93	0.00	13.10
18.361	-9.94	-0.02	38.93	0.00	13.10
18.411	-9.38	0.02	38.93	0.00	13.10
18.461	-9.94	0.06	38.93	0.00	12.99
18.511	-9.94	-0.02	38.93	0.00	12.99
18.562	-10.50	0.06	38.93	0.00	12.99
18.611	-10.50	-0.02	38.93	0.00	12.99
18.661	-9.94	0.13	38.93	0.00	12.99
18.711	-10.50	-0.05	38.93	0.00	12.99
18.761	-10.50	0.02	38.93	0.00	12.99
18.811	-9.94	-0.09	38.93	0.00	12.99
18.862	-10.50	-0.02	38.93	0.00	12.99
18.912	-11.62	-0.02	38.93	0.00	12.99
18.962	-11.06	0.06	38.93	0.00	12.99
19.012	-11.62	0.06	38.93	0.00	12.99
19.062	-11.06	-0.02	38.93	0.00	12.89
19.112	-11.06	-0.02	38.93	0.00	12.89
19.162	-11.62	0.02	38.93	0.00	12.89
19.212	-12.74	0.02	38.93	0.00	12.89
19.262	-11.62	-0.09	38.93	0.00	12.89
19.312	-11.62	-0.02	38.93	0.00	12.89
19.362	-11.06	0.06	38.93	0.00	12.89
19.412	-11.06	-0.05	38.93	0.00	12.89
19.462	-12.18	-0.05	38.93	0.00	12.89
19.512	-13.30	-0.02	38.93	0.00	12.89
19.562	-12.18	-0.02	38.93	0.00	12.89
19.612	-11.06	-0.09	38.93	0.00	12.89
19.662	-11.06	-0.05	38.93	0.00	12.93
19.713	-12.18	-0.02	38.93	0.00	12.93
19.762	-12.18	-0.02	38.93	0.00	12.93
19.812	-11.06	-0.05	38.93	0.00	12.93
19.862	-10.50	-0.02	38.93	0.00	12.93
19.912	-11.06	-0.05	38.93	0.00	12.93
19.962	-11.06	-0.02	38.93	0.00	12.93
20.013	-11.62	-0.05	38.93	0.00	12.93
20.062	-10.50	-0.05	38.93	0.00	12.93
20.112	-11.06	0.06	38.93	0.00	12.93
20.162	-11.06	-0.02	38.93	0.00	12.93
20.212	-11.06	0.02	38.93	0.00	12.93
20.262	-11.62	0.02	38.93	0.00	12.93
20.313	-11.06	-0.02	38.93	0.00	11.94
20.363	-9.94	-0.02	38.93	0.00	11.94
20.413	-9.38	-0.05	38.93	0.00	11.94
20.463	-9.94	-0.02	38.93	0.00	11.94
20.513	-8.82	-0.02	38.93	0.00	11.94
20.563	-9.38	-0.05	38.93	0.00	11.94
