Time	Torque	Current	Voltage	Cadans	Speed
6.5110	8.57	-0.0	41.32	66.67	12.87
7.5120	3.25	-0.0	41.32	70.42	14.56
8.5110	3.65	-0.0	41.32	72.99	15.09
9.5120	5.94	-0.0	41.32	75.19	15.93
10.5120	5.94	-0.0	41.32	76.92	16.44
11.5130	8.77	-0.0	41.32	79.37	16.61
12.5130	6.56	-0.0	41.32	80.65	17.16
13.5130	15.04	-0.0	41.32	48.08	17.43
14.5140	13.81	-0.0	41.32	0.00	17.28
15.5150	13.95	-0.0	41.32	0.00	16.90
16.5150	3.48	-0.0	41.32	73.53	15.96
17.5150	13.78	-0.0	41.32	71.43	15.49
18.5160	14.76	-0.0	41.31	70.42	15.09
19.5170	15.43	-0.0	41.31	68.97	14.42
20.5170	16.55	-0.0	41.32	69.93	14.98
21.5170	16.05	-0.0	41.31	67.57	14.86
22.5180	8.24	-0.0	41.32	64.10	13.93
23.5180	11.43	-0.0	41.31	69.93	14.78
24.5190	16.64	-0.1	41.31	68.97	14.78
25.5190	15.52	-0.0	41.31	71.94	14.98
26.5190	15.55	-0.0	41.31	69.44	14.64
27.5210	15.49	-0.0	41.31	68.03	14.69
28.5210	14.65	-0.0	41.32	67.11	14.42
29.5210	7.26	-0.0	41.31	68.03	14.69
30.5210	6.70	0.0	41.30	66.67	14.64
31.5220	-10.89	-0.0	41.26	0.00	13.35
32.5230	-10.75	-0.0	41.31	0.00	12.43
33.5230	-11.95	-0.0	41.31	0.00	10.04
34.5230	-10.83	-0.0	41.29	0.00	8.29
35.5240	-11.14	-0.0	41.30	37.17	9.26
36.5250	48.00	1.0	41.03	42.19	8.01
37.5250	8.85	1.6	40.28	56.18	10.93
38.5250	30.75	0.3	40.77	65.79	13.42
39.5250	21.26	0.2	41.00	70.42	14.86
40.5260	19.44	0.2	41.07	73.53	15.18
41.5270	10.79	0.1	41.09	74.63	16.00
42.5270	8.63	0.1	41.12	78.74	16.26
43.5270	11.79	0.1	41.13	75.19	16.06
44.5280	12.69	0.1	41.13	79.37	16.51
45.5290	12.94	0.1	41.13	77.52	16.37
46.5290	18.66	0.1	41.14	79.37	17.20
47.5290	17.53	0.1	41.14	84.03	17.47
48.5300	14.26	0.1	41.14	86.21	18.30
49.5300	12.33	0.1	41.15	86.21	18.08
50.5310	11.57	0.1	41.15	87.72	18.47
51.5310	3.87	0.1	41.15	92.59	18.00
52.5310	13.08	0.1	41.14	73.53	17.39
53.5320	21.48	0.1	41.14	75.19	17.88
54.5330	19.02	0.1	41.14	78.12	18.21
55.5330	17.51	0.1	41.15	75.76	18.17
56.5340	14.68	0.1	41.16	77.52	18.92
57.5340	12.91	0.1	41.15	78.12	18.65
58.5340	15.07	0.2	41.11	78.74	18.74
59.5350	14.40	0.4	41.03	83.33	19.30
60.5350	13.56	1.7	40.43	82.64	19.94
61.5360	16.08	0.9	40.57	86.21	20.63
62.5360	17.98	1.4	40.41	82.64	19.69
63.5370	16.86	1.5	40.28	84.75	19.89
64.5370	15.35	1.3	40.33	86.96	20.10
65.5380	14.82	1.0	40.48	84.03	20.47
66.5380	14.37	1.1	40.41	84.75	20.15
67.5390	13.84	1.0	40.49	84.75	20.36
68.5390	15.27	0.9	40.51	85.47	20.36
69.5390	17.09	1.1	40.46	89.29	20.52
70.5400	18.15	1.0	40.50	86.96	20.31
71.5400	18.68	1.0	40.52	84.75	20.31
72.5410	18.37	1.2	40.39	84.03	20.10
73.5410	13.14	1.2	40.37	84.03	20.05
74.5420	-3.83	1.2	40.32	50.51	19.74
75.5420	-9.43	-0.0	40.84	0.00	18.83
76.5440	-9.43	-0.0	41.01	0.00	17.51
77.5430	9.81	-0.0	41.07	66.67	16.33
78.5430	15.04	3.1	40.14	67.11	15.70
79.5440	16.16	4.5	39.01	72.99	17.47
80.5450	22.13	2.9	39.39	75.76	18.56
81.5450	19.52	2.4	39.58	82.64	18.34
82.5450	18.80	1.7	39.91	79.37	19.30
83.5460	17.37	1.3	40.10	83.33	19.74
84.5460	16.53	0.9	40.33	86.21	20.36
85.5480	14.93	0.8	40.45	85.47	20.69
86.5470	13.78	0.6	40.55	88.50	21.37
87.5470	7.31	0.7	40.56	86.21	20.80
88.5480	8.46	1.1	40.44	84.75	20.15
89.5490	12.47	1.2	40.30	85.47	19.79
90.5490	15.18	1.2	40.26	85.47	19.64
91.5490	13.75	1.2	40.22	86.21	19.69
92.5500	15.71	1.3	40.22	83.33	19.79
93.5510	15.49	1.5	40.12	81.97	19.54
94.5520	13.73	1.5	40.08	80.00	19.54
95.5510	13.64	1.3	40.14	82.64	19.44
96.5520	10.14	1.3	40.11	84.75	19.89
97.5520	9.86	1.0	40.26	83.33	19.79
98.5530	11.40	1.0	40.34	82.64	20.80
99.5530	9.41	1.2	40.25	83.33	19.94
100.5530	8.24	1.2	40.22	81.97	19.94
101.5540	9.61	1.0	40.30	84.75	20.15
102.5550	13.00	0.5	40.49	34.01	19.79
103.5550	13.61	-0.0	40.82	0.00	19.25
104.5550	12.89	-0.0	40.91	0.00	18.52
105.5560	13.42	-0.0	40.94	0.00	17.20
106.5570	13.84	-0.0	40.97	0.00	16.76
107.5570	13.00	-0.0	40.97	0.00	16.87
108.5570	12.38	-0.0	40.97	0.00	15.83
109.5580	12.63	-0.0	40.97	0.00	13.80
110.5580	13.67	-0.0	40.99	0.00	13.95
111.5590	14.48	-0.0	41.03	0.00	12.51
112.5590	13.25	-0.0	41.03	0.00	11.77
113.5590	13.87	-0.0	41.03	0.00	10.84
114.5610	8.15	-0.0	41.03	44.25	10.08
115.5610	-3.61	1.0	40.70	43.29	9.93
116.5610	-8.00	-0.0	40.82	0.00	9.50
117.5610	-9.43	-0.0	40.96	0.00	8.73
118.5620	-5.04	-0.0	41.01	0.00	6.04
119.5630	58.17	-0.0	41.03	23.64	6.04
120.5630	13.11	10.3	37.84	45.87	9.53
121.5630	16.50	7.9	37.57	25.64	12.51
122.5640	25.82	-0.0	40.22	59.52	13.40
123.5650	33.38	5.0	38.96	62.50	15.01
124.5650	24.34	6.5	38.15	64.10	15.27
125.5650	7.99	5.6	38.23	65.79	15.55
126.5650	7.06	5.1	38.50	58.48	16.06
127.5660	-8.70	0.4	39.93	0.00	16.54
128.5670	-8.20	-0.0	40.54	0.00	16.10
129.5670	-7.33	-0.0	40.67	0.00	14.34
130.5670	-8.59	-0.0	40.73	0.00	13.93
131.5680	-12.48	-0.0	40.75	0.00	15.18
132.5690	-12.04	-0.1	40.80	0.00	16.33
133.5690	12.97	-0.0	40.80	68.97	16.51
134.5690	15.88	2.6	39.90	74.07	16.61
135.5700	18.63	2.7	39.40	78.74	18.52
136.5700	21.62	1.7	39.78	82.64	19.30
137.5710	20.14	1.2	40.03	83.33	19.94
138.5710	21.57	0.8	40.26	86.21	20.47
139.5710	18.96	0.5	40.40	85.47	20.63
140.5720	15.01	0.6	40.47	86.96	20.85
141.5730	18.43	0.6	40.45	89.29	20.74
142.5730	20.08	0.5	40.47	90.91	20.91
143.5740	18.46	0.3	40.55	90.91	21.49
144.5740	17.59	0.3	40.61	87.72	21.37
145.5740	18.74	0.3	40.62	92.59	21.49
146.5750	19.89	0.3	40.64	92.59	21.85
147.5750	16.78	0.3	40.67	93.46	22.17
148.5760	11.96	0.2	40.68	93.46	22.36
149.5760	9.58	0.2	40.69	95.24	22.42
150.5770	4.99	0.2	40.69	102.04	22.10
151.5770	8.80	0.3	40.69	78.12	21.31
152.5780	21.23	0.3	40.67	81.30	21.49
153.5780	21.79	0.3	40.67	84.03	21.67
154.5790	21.26	0.3	40.67	80.65	21.55
155.5790	20.28	0.3	40.66	78.74	21.43
156.5790	21.01	0.4	40.63	78.12	20.91
157.5800	21.99	0.7	40.52	77.52	20.69
158.5800	23.16	0.7	40.47	80.65	20.85
159.5810	21.01	0.4	40.58	80.00	21.08
160.5810	19.78	0.3	40.64	81.97	21.37
161.5820	17.59	0.3	40.68	81.97	21.79
162.5820	16.50	0.3	40.69	83.33	22.10
163.5840	16.81	0.2	40.70	81.97	21.92
164.5830	16.05	0.2	40.69	81.97	21.92
165.5830	17.87	0.2	40.72	84.03	22.23
166.5840	17.48	0.2	40.71	84.75	22.55
167.5850	17.81	0.2	40.74	85.47	22.68
168.5850	17.76	0.2	40.75	84.75	22.82
169.5850	15.21	0.2	40.74	86.96	22.95
170.5860	15.15	0.2	40.76	87.72	23.09
171.5860	12.61	0.2	40.75	87.72	23.58
172.5880	11.82	0.2	40.76	90.91	23.94
173.5870	12.27	0.2	40.77	88.50	23.80
174.5870	11.96	0.2	40.77	88.50	23.44
175.5880	14.43	0.2	40.77	89.29	23.37
176.5890	16.86	0.2	40.77	87.72	23.58
177.5890	16.86	0.2	40.78	87.72	23.65
178.5890	14.90	0.2	40.77	90.09	23.58
179.5900	13.45	0.2	40.79	88.50	23.44
180.5910	11.74	0.2	40.78	89.29	23.37
181.5920	11.40	0.2	40.79	90.09	23.37
182.5910	11.96	0.2	40.79	90.09	23.44
183.5920	10.23	0.2	40.79	88.50	23.58
184.5920	12.05	0.2	40.80	88.50	23.87
185.5930	13.89	0.2	40.79	89.29	23.87
186.5930	16.41	0.2	40.80	88.50	23.65
187.5930	18.18	0.2	40.80	87.72	23.37
188.5940	16.47	0.2	40.80	87.72	23.58
189.5950	12.44	0.2	40.80	87.72	23.72
190.5950	12.05	0.2	40.80	85.47	23.02
191.5950	16.81	0.3	40.76	82.64	21.92
192.5960	18.96	0.3	40.73	80.00	21.43
193.5970	20.73	0.6	40.62	80.00	20.69
194.5970	22.72	0.9	40.45	76.34	20.31
195.5970	20.81	0.8	40.43	76.92	20.42
196.5980	18.54	0.7	40.49	78.12	20.42
197.5980	21.23	0.3	40.61	79.37	21.31
198.5990	9.39	0.5	40.60	77.52	20.97
199.5990	9.69	0.5	40.60	77.52	20.58
200.5990	-5.82	0.6	40.54	48.54	20.31
201.6010	-7.89	-0.0	40.79	0.00	19.79
202.6010	13.53	0.1	40.84	73.53	19.44
203.6010	10.98	1.2	40.35	75.76	19.79
204.6010	-6.94	0.7	40.39	0.00	19.11
205.6020	-7.33	-0.0	40.76	0.00	20.10
206.6030	19.24	0.1	40.84	81.97	21.20
207.6030	23.16	0.2	40.76	89.29	23.30
208.6030	20.45	0.1	40.78	92.59	24.71
209.6040	13.59	0.1	40.80	96.15	25.60
210.6050	6.78	0.1	40.82	101.01	26.21
211.6050	3.90	0.1	40.85	100.00	26.94
212.6050	8.38	0.1	40.86	85.47	27.51
213.6050	-1.73	0.0	40.86	0.00	27.32
214.6060	-36.96	-0.1	40.92	0.00	28.52
215.6070	-32.06	-0.0	40.92	0.00	27.32
216.6070	-16.55	-0.0	40.92	0.00	26.57
217.6070	-10.72	-0.1	40.92	101.01	25.86
218.6080	14.76	0.0	40.90	95.24	25.44
219.6090	8.46	0.1	40.86	93.46	24.95
220.6090	10.03	0.1	40.84	94.34	24.40
221.6090	11.04	0.2	40.82	93.46	24.17
222.6100	10.06	0.2	40.82	90.09	23.87
223.6100	24.76	0.2	40.80	86.21	23.37
224.6110	25.66	0.2	40.78	82.64	22.23
225.6110	25.46	0.4	40.70	80.00	21.25
226.6110	24.17	0.6	40.57	76.92	20.74
227.6120	24.79	0.9	40.39	76.34	20.42
228.6130	27.50	1.1	40.29	75.76	19.94
229.6130	27.17	1.6	40.14	73.53	19.89
230.6140	25.94	1.5	40.07	73.53	19.69
231.6140	24.23	1.7	39.98	74.07	19.49
232.6140	21.90	2.1	39.82	70.92	19.11
233.6150	13.42	2.4	39.66	69.44	18.83
234.6150	14.31	2.5	39.53	69.93	18.38
235.6160	10.11	4.1	39.02	64.52	17.24
236.6160	17.65	2.6	39.31	69.44	18.17
237.6170	22.49	1.4	39.82	74.63	19.69
238.6170	20.70	0.8	40.16	76.92	20.47
239.6180	19.52	0.5	40.39	77.52	20.91
240.6180	17.87	0.4	40.47	78.12	20.85
241.6190	17.84	0.3	40.53	79.37	21.25
242.6190	17.42	0.4	40.54	78.74	21.25
243.6190	19.08	0.5	40.49	77.52	20.74
244.6200	20.42	0.5	40.50	78.12	21.02
245.6200	19.92	0.6	40.48	78.12	20.80
246.6210	18.82	0.4	40.53	80.00	21.25
247.6210	18.09	0.4	40.57	81.30	21.55
248.6220	15.99	0.3	40.61	83.33	22.17
249.6220	12.75	0.2	40.65	84.03	22.68
250.6240	11.65	0.2	40.67	85.47	22.82
251.6230	12.83	0.2	40.66	81.30	22.10
252.6230	14.57	0.3	40.65	80.65	21.61
253.6240	15.74	0.3	40.61	81.30	21.25
254.6250	17.45	0.3	40.63	80.65	21.49
255.6250	19.05	0.3	40.62	80.00	21.31
256.6250	18.15	0.4	40.59	80.65	21.14
257.6260	18.32	0.4	40.61	79.37	21.25
258.6260	18.07	0.5	40.56	79.37	21.14
259.6280	17.28	0.4	40.60	79.37	21.25
260.6270	16.22	0.5	40.56	79.37	21.08
261.6270	17.76	0.5	40.53	78.74	20.91
262.6280	18.46	0.5	40.52	80.00	21.08
263.6290	17.65	0.5	40.52	78.12	21.02
264.6290	14.99	0.7	40.47	78.12	20.52
265.6290	17.79	0.7	40.42	75.76	20.20
266.6300	20.67	1.1	40.22	75.19	20.10
267.6310	20.34	1.2	40.19	76.34	20.05
268.6320	21.48	1.3	40.14	74.63	20.05
269.6310	20.92	1.3	40.07	72.99	19.69
270.6320	19.64	1.0	40.13	75.19	20.15
271.6320	20.36	1.0	40.15	74.07	19.89
272.6330	19.75	1.4	40.02	72.46	19.54
273.6330	20.50	1.5	39.97	74.07	19.69
274.6330	19.61	1.2	40.09	75.19	20.05
275.6340	17.14	1.5	40.00	72.46	19.59
276.6350	18.01	1.8	39.86	72.46	19.30
277.6350	21.85	1.9	39.76	72.46	19.06
278.6350	22.86	1.6	39.88	74.07	19.74
279.6360	23.92	1.1	40.07	74.07	20.05
280.6370	21.65	0.9	40.21	76.34	20.31
281.6370	19.16	0.7	40.32	80.00	20.58
282.6370	19.72	0.4	40.42	80.00	21.02
283.6380	18.12	0.4	40.48	80.00	21.20
284.6380	17.28	0.4	40.48	80.00	21.14
285.6390	16.41	0.5	40.47	78.12	20.97
286.6390	19.19	0.9	40.32	77.52	20.36
287.6390	17.81	1.1	40.19	75.19	20.05
288.6410	17.62	1.3	40.12	75.19	19.84
289.6410	17.81	1.1	40.14	74.63	19.99
290.6410	16.75	1.3	40.07	74.63	19.99
291.6410	15.74	1.5	39.97	73.53	19.69
292.6420	12.72	1.4	39.96	73.53	19.64
293.6430	11.51	1.5	39.96	72.99	19.74
294.6430	13.89	1.6	39.88	73.53	19.49
295.6430	16.08	1.3	39.95	74.63	19.54
296.6440	18.66	1.0	40.10	75.76	20.42
297.6450	18.77	0.7	40.24	76.92	20.47
298.6450	19.13	0.6	40.33	79.37	20.80
299.6450	18.23	0.5	40.41	77.52	20.80
300.6450	17.48	0.4	40.44	78.12	20.91
301.6460	18.12	0.6	40.41	78.12	20.69
302.6470	17.95	0.5	40.41	76.92	20.58
303.6470	19.33	0.5	40.40	80.00	20.80
304.6470	17.09	0.7	40.37	78.12	20.63
305.6480	17.79	0.9	40.27	76.92	20.20
306.6490	19.66	1.3	40.06	74.63	19.74
307.6490	18.99	1.2	40.04	74.07	19.74
308.6490	17.06	1.0	40.12	75.19	20.20
309.6500	15.32	0.6	40.29	77.52	20.42
310.6500	17.31	0.6	40.37	78.12	20.74
311.6510	13.36	0.5	40.42	78.12	20.97
312.6510	12.80	0.5	40.42	78.12	21.02
313.6510	13.39	0.5	40.42	77.52	20.58
314.6520	14.48	1.0	40.24	75.19	20.20
315.6530	13.47	1.3	40.10	72.46	19.89
316.6530	12.33	1.5	39.99	73.53	19.59
317.6540	13.47	1.5	39.89	72.46	19.39
318.6540	15.21	1.7	39.83	72.46	19.35
319.6540	16.92	1.6	39.83	72.46	19.49
320.6550	16.97	1.4	39.93	74.07	19.69
321.6550	17.09	1.3	40.00	76.34	19.99
322.6560	14.40	1.1	40.05	75.76	20.05
323.6560	-6.32	0.6	40.22	30.58	19.59
324.6570	-8.14	-0.0	40.57	0.00	18.65
325.6570	-8.26	-0.0	40.64	0.00	18.08
326.6580	-8.14	-0.0	40.68	0.00	17.36
327.6580	-8.23	-0.1	40.69	0.00	16.79
328.6590	-8.70	-0.0	40.69	0.00	14.42
329.6590	-9.91	-0.0	40.69	0.00	13.04
330.6590	32.21	-0.0	40.69	44.44	12.57
331.6600	6.42	9.1	37.81	45.45	11.63
332.6600	16.64	10.4	36.76	40.00	11.92
333.6610	9.69	10.5	36.72	52.08	11.88
334.6610	33.47	9.0	36.99	59.52	14.05
335.6620	21.32	5.8	38.05	74.63	15.49
336.6620	11.37	3.6	38.66	78.12	16.65
337.6640	-7.11	1.1	39.59	31.45	17.05
338.6630	-8.84	-0.0	40.25	0.00	15.45
339.6630	-8.73	-0.0	40.37	0.00	15.58
340.6640	-8.56	-0.0	40.42	0.00	15.61
341.6650	-4.73	-0.0	40.46	66.23	18.17
342.6650	16.78	6.0	38.76	51.81	11.65
343.6650	23.36	8.5	37.32	66.67	11.86
344.6660	20.45	5.1	38.31	75.19	15.42
345.6660	18.26	3.1	38.89	81.30	17.32
346.6680	13.67	2.4	39.20	87.72	18.52
347.6670	12.05	1.8	39.49	92.59	19.25
348.6670	8.55	1.1	39.78	91.74	19.74
349.6680	11.68	1.2	39.80	92.59	19.84
350.6690	16.39	1.1	39.87	93.46	20.05
351.6690	17.28	0.7	40.02	96.15	20.31
352.6690	10.93	0.7	40.05	94.34	20.42
353.6700	5.52	1.0	39.98	85.47	19.84
354.6710	19.10	1.5	39.78	74.63	19.49
355.6720	20.59	1.3	39.79	75.19	19.74
356.6710	20.03	1.3	39.80	72.99	19.69
357.6720	22.10	1.2	39.82	74.07	19.59
358.6720	17.93	0.6	40.05	77.52	20.52
359.6730	12.19	0.4	40.17	78.12	21.02
360.6730	10.59	0.4	40.23	77.52	21.08
361.6730	10.87	0.4	40.23	78.74	21.14
362.6740	10.95	0.4	40.27	78.74	21.14
363.6750	10.81	0.4	40.28	80.00	21.20
364.6750	13.11	0.3	40.29	79.37	21.31
365.6750	16.97	0.3	40.33	83.33	22.23
366.6760	16.72	0.3	40.35	81.30	21.85
367.6770	14.37	0.2	40.35	81.97	21.92
368.6770	16.19	0.2	40.36	82.64	22.10
369.6770	16.39	0.2	40.37	83.33	21.98
370.6780	14.45	0.2	40.38	81.97	21.85
371.6780	13.98	0.2	40.38	82.64	22.29
372.6790	14.01	0.2	40.40	84.03	22.17
373.6790	12.63	0.2	40.40	81.97	22.04
374.6790	14.37	0.2	40.41	86.21	22.17
375.6810	10.87	0.2	40.40	85.47	22.42
376.6810	12.44	0.2	40.41	84.03	22.68
377.6810	14.76	0.2	40.41	82.64	22.29
378.6810	14.65	0.2	40.41	81.97	22.17
379.6820	15.07	0.2	40.41	82.64	22.04
380.6830	13.50	0.3	40.42	84.75	22.36
381.6830	13.19	0.2	40.42	80.00	22.04
382.6830	14.90	0.3	40.42	81.30	21.85
383.6840	14.06	0.4	40.37	80.00	21.02
384.6850	19.64	0.4	40.37	79.37	21.20
385.6850	19.41	0.4	40.35	78.74	21.31
386.6850	20.08	0.5	40.34	76.34	20.85
387.6850	19.83	0.4	40.35	78.74	20.91
388.6860	18.85	0.4	40.36	76.34	21.25
389.6870	22.38	0.3	40.39	80.00	21.49
390.6870	18.63	0.3	40.40	80.00	21.49
391.6870	18.43	0.3	40.39	81.30	21.43
392.6880	18.32	0.3	40.41	80.65	21.55
393.6890	19.02	0.3	40.41	80.65	21.85
394.6890	18.94	0.3	40.44	81.30	21.85
395.6890	17.17	0.2	40.44	82.64	21.79
396.6900	17.56	0.3	40.44	82.64	22.17
397.6900	20.08	0.3	40.44	82.64	22.10
398.6910	17.48	0.2	40.45	81.97	21.98
399.6910	17.67	0.3	40.44	82.64	21.67
400.6910	17.48	0.3	40.42	79.37	21.31
401.6920	18.18	0.3	40.42	80.00	21.08
402.6930	17.95	0.3	40.41	81.30	21.14
403.6930	16.11	0.4	40.41	82.64	21.43
404.6940	19.75	0.3	40.43	80.65	21.49
405.6940	15.77	0.3	40.44	80.00	21.55
406.6940	14.87	0.3	40.44	79.37	21.61
407.6950	15.94	0.3	40.44	79.37	21.61
408.6950	14.54	0.3	40.43	79.37	21.31
409.6960	13.14	0.3	40.42	80.00	21.37
410.6960	13.14	0.4	40.41	78.12	21.20
411.6970	13.67	0.4	40.38	78.74	21.14
412.6970	16.72	0.4	40.39	79.37	20.97
413.6980	16.61	0.4	40.38	79.37	21.02
414.6980	15.71	0.4	40.39	80.00	21.37
415.6990	17.03	0.3	40.43	81.97	21.43
416.6990	15.15	0.3	40.46	81.30	21.73
417.6990	17.42	0.3	40.45	81.97	22.04
418.7000	17.06	0.3	40.46	81.30	21.92
419.7000	14.93	0.3	40.46	80.65	21.67
420.7010	13.64	0.3	40.43	80.00	21.49
421.7010	15.32	0.3	40.45	78.74	21.20
422.7020	16.22	0.4	40.43	80.65	21.08
423.7020	18.21	0.4	40.44	78.74	21.14
424.7040	18.01	0.3	40.44	80.00	21.31
425.7030	18.35	0.3	40.47	81.30	21.98
426.7030	17.00	0.3	40.47	81.30	21.92
427.7040	15.41	0.3	40.46	81.30	21.98
428.7050	16.27	0.3	40.46	81.97	21.79
429.7050	16.67	0.3	40.48	80.65	21.85
430.7050	15.63	0.3	40.47	83.33	22.04
431.7060	14.09	0.2	40.49	82.64	21.98
432.7060	14.99	0.2	40.49	83.33	22.17
433.7080	14.79	0.2	40.50	82.64	22.17
434.7070	16.08	0.2	40.49	84.03	22.42
435.7070	13.39	0.2	40.51	84.03	22.49
436.7080	12.30	0.2	40.50	83.33	22.42
437.7090	14.54	0.2	40.51	84.03	22.23
438.7090	14.99	0.3	40.51	82.64	22.10
439.7090	17.23	0.3	40.48	82.64	21.92
440.7100	17.28	0.3	40.47	84.03	21.98
441.7110	15.94	0.3	40.49	82.64	21.61
442.7120	16.53	0.3	40.48	81.97	22.04
443.7110	16.11	0.3	40.49	82.64	22.17
444.7120	14.45	0.2	40.51	83.33	22.29
445.7120	13.61	0.2	40.51	84.75	22.17
446.7130	12.55	0.2	40.51	81.97	21.85
447.7130	13.61	0.3	40.48	80.00	21.43
448.7130	20.11	0.3	40.45	78.12	21.08
449.7140	18.68	0.6	40.36	76.92	20.58
450.7150	17.09	0.4	40.39	79.37	21.20
451.7150	15.99	0.3	40.45	80.00	21.25
452.7150	18.26	0.3	40.47	80.00	21.79
453.7160	19.55	0.2	40.48	80.00	21.49
454.7170	16.08	0.3	40.47	80.00	21.37
455.7170	17.09	0.4	40.45	79.37	21.14
456.7170	16.47	0.4	40.44	78.12	21.49
457.7180	17.45	0.6	40.37	76.92	20.63
458.7180	18.57	0.6	40.34	76.92	20.47
459.7190	18.24	0.4	40.38	78.74	21.08
460.7190	16.64	0.3	40.43	79.37	21.43
461.7190	15.91	0.3	40.45	80.00	21.43
462.7210	16.78	0.4	40.45	81.30	21.37
463.7210	15.41	0.3	40.46	79.37	21.61
464.7210	15.18	0.4	40.44	80.00	21.25
465.7210	13.31	0.3	40.45	80.65	21.43
466.7220	14.01	0.3	40.46	79.37	21.25
467.7230	16.30	0.3	40.47	81.30	21.55
468.7230	17.42	0.4	40.45	80.00	21.61
469.7230	16.05	0.3	40.47	81.30	21.55
470.7240	14.59	0.3	40.48	80.65	21.43
471.7250	14.82	0.3	40.49	80.00	21.73
472.7250	14.20	0.3	40.49	81.97	21.85
473.7250	14.59	0.3	40.49	81.30	21.73
474.7250	16.13	0.3	40.47	79.37	21.25
475.7260	15.97	0.3	40.46	80.65	21.49
476.7270	17.39	0.3	40.48	81.30	21.79
477.7270	15.13	0.3	40.50	81.97	21.79
478.7410	14.17	0.3	40.52	84.03	22.17
479.7410	14.51	0.3	40.51	81.30	21.79
480.7410	16.11	0.3	40.51	81.30	21.79
481.7420	14.99	0.3	40.50	81.30	21.85
482.7430	14.43	0.3	40.49	80.00	21.43
483.7430	13.36	0.3	40.48	78.12	21.37
484.7430	12.72	0.4	40.45	78.12	21.08
485.7440	13.05	0.3	40.45	79.37	21.25
486.7450	14.73	0.3	40.45	78.74	21.08
487.7450	16.55	0.4	40.44	78.74	21.14
488.7450	18.46	0.3	40.47	81.30	21.61
489.7460	16.97	0.3	40.47	80.00	21.55
490.7460	17.67	0.3	40.46	80.65	21.25
491.7470	17.67	0.3	40.47	80.65	21.49
492.7470	14.76	0.3	40.48	80.65	21.79
493.7470	15.71	0.3	40.50	81.30	21.85
494.7480	14.71	0.3	40.50	81.97	21.92
495.7490	15.43	0.3	40.51	81.97	22.04
496.7490	14.01	0.3	40.51	81.30	21.92
497.7500	16.33	0.3	40.50	81.30	21.67
498.7500	17.03	0.3	40.51	81.30	21.73
499.7500	14.85	0.3	40.52	82.64	21.79
500.7510	13.28	0.2	40.51	81.30	21.79
501.7510	14.48	0.2	40.51	81.30	21.92
502.7520	15.04	0.2	40.51	80.00	21.79
503.7520	15.38	0.3	40.49	80.65	21.61
504.7530	13.67	0.3	40.49	81.30	21.49
505.7530	14.01	0.3	40.47	80.65	21.49
506.7540	15.07	0.3	40.47	79.37	21.37
507.7540	15.41	0.3	40.48	80.00	21.37
508.7550	14.62	0.3	40.47	80.00	21.43
509.7550	14.48	0.3	40.49	81.30	21.73
510.7550	15.52	0.3	40.49	80.00	21.61
511.7560	14.12	0.3	40.50	81.30	21.49
512.7560	12.38	0.3	40.51	80.65	21.49
513.7570	14.20	0.3	40.50	80.65	21.67
514.7570	13.92	0.3	40.49	80.00	21.37
515.7580	12.75	0.4	40.45	76.34	20.80
516.7580	14.96	0.5	40.39	78.12	20.69
517.7600	15.07	0.5	40.39	79.37	21.14
518.7590	12.72	0.3	40.46	80.65	21.61
519.7590	11.43	0.2	40.50	83.33	22.10
520.7600	10.98	0.2	40.52	84.75	22.62
521.7610	10.28	0.2	40.53	86.96	22.62
522.7610	10.93	0.2	40.52	83.33	22.17
523.7610	11.93	0.2	40.51	84.75	21.98
524.7620	13.28	0.3	40.51	83.33	21.67
525.7620	14.15	0.3	40.51	83.33	21.85
526.7640	12.55	0.3	40.50	81.97	21.61
527.7630	12.97	0.3	40.49	78.74	21.49
528.7630	15.49	0.2	40.50	81.97	22.10
529.7640	13.45	0.3	40.52	82.64	21.98
530.7650	12.24	0.2	40.53	84.75	22.29
531.7650	14.31	0.3	40.51	81.97	21.98
532.7650	13.73	0.2	40.52	82.64	22.04
533.7660	13.22	0.3	40.51	82.64	22.17
534.7670	12.47	0.3	40.51	82.64	22.10
535.7680	12.89	0.2	40.52	81.30	21.85
536.7670	13.53	0.3	40.51	80.00	21.55
537.7680	13.78	0.3	40.49	81.97	21.31
538.7680	13.53	0.3	40.49	80.65	21.43
539.7690	14.09	0.3	40.49	80.65	21.31
540.7690	14.37	0.4	40.46	80.65	21.20
541.7690	13.19	0.4	40.45	80.00	21.25
542.7700	14.79	0.3	40.46	80.00	21.31
543.7710	14.20	0.3	40.48	80.65	21.49
544.7710	12.69	0.3	40.49	80.65	21.67
545.7710	12.16	0.3	40.49	81.30	21.43
546.7720	13.89	0.3	40.51	80.00	21.85
547.7730	14.48	0.3	40.51	82.64	22.04
548.7730	16.36	0.3	40.52	83.33	22.23
549.7730	15.41	0.2	40.53	84.03	22.23
550.7740	14.57	0.3	40.51	82.64	22.23
551.7740	15.94	0.2	40.52	79.37	22.04
552.7750	16.58	0.3	40.51	80.65	21.61
553.7750	16.50	0.3	40.51	81.97	21.73
554.7750	15.80	0.3	40.52	84.75	21.98
555.7770	15.32	0.3	40.50	80.00	21.79
556.7770	15.63	0.3	40.51	81.30	21.61
557.7770	13.81	0.3	40.50	80.65	21.61
558.7770	14.48	0.3	40.50	80.00	21.43
559.7780	14.09	0.3	40.50	81.30	21.61
560.7790	13.39	0.2	40.51	80.65	21.85
561.7790	13.33	0.2	40.51	81.30	21.79
562.7790	15.07	0.3	40.50	80.65	21.55
563.7800	12.27	0.3	40.50	79.37	21.25
564.7810	15.63	0.4	40.46	78.12	21.08
565.7810	14.31	0.6	40.40	77.52	20.63
566.7810	15.77	1.0	40.21	75.19	19.89
567.7810	15.99	1.3	40.03	72.99	19.89
568.7820	13.05	2.0	39.73	71.43	19.16
569.7830	15.80	2.4	39.51	70.92	18.65
570.7830	22.04	1.7	39.70	75.19	19.69
571.7830	19.58	0.8	40.07	76.34	20.36
572.7840	17.11	0.5	40.26	76.92	20.42
573.7850	18.10	0.5	40.27	77.52	20.85
574.7850	16.58	0.4	40.35	77.52	21.02
575.7850	16.95	0.7	40.26	77.52	20.42
576.7860	19.30	0.9	40.15	76.92	20.31
577.7860	18.35	0.9	40.13	78.12	20.20
578.7870	18.60	0.9	40.14	76.34	20.31
579.7870	17.79	0.6	40.21	76.34	20.42
580.7870	18.07	0.7	40.22	75.76	20.47
581.7880	14.96	0.5	40.30	78.74	20.91
582.7890	13.22	0.4	40.37	77.52	21.31
583.7890	12.13	0.3	40.39	79.37	21.14
584.7900	12.58	0.3	40.44	81.30	21.73
585.7900	11.96	0.3	40.45	80.65	21.61
586.7900	13.19	0.3	40.45	80.00	21.61
587.7910	14.82	0.3	40.44	81.30	21.43
588.7910	12.91	0.3	40.44	78.74	21.14
589.7920	12.27	0.3	40.44	80.00	21.37
590.7920	12.10	0.3	40.43	80.00	21.49
591.7930	11.49	0.3	40.45	80.65	21.37
592.7930	10.59	0.3	40.45	80.00	21.49
593.7940	10.84	0.4	40.45	78.12	21.20
594.7940	12.38	0.5	40.40	76.34	20.80
595.7950	11.85	0.4	40.40	78.12	20.80
596.7950	14.51	0.5	40.36	76.92	20.80
597.7950	14.15	0.5	40.37	78.74	21.02
598.7960	16.69	0.6	40.31	77.52	20.63
599.7960	15.63	0.3	40.39	79.37	21.14
600.7970	15.01	0.4	40.39	78.74	20.97
601.7970	14.06	0.4	40.41	78.74	21.14
602.7980	14.15	0.3	40.42	80.65	21.49
603.7980	11.07	0.3	40.46	80.65	21.79
604.8000	10.03	0.3	40.47	82.64	21.85
605.7990	10.95	0.3	40.46	81.97	21.85
606.7990	11.71	0.3	40.47	81.30	21.92
607.8000	8.83	0.2	40.46	83.33	22.10
608.8010	13.14	0.3	40.45	81.30	21.85
609.8010	11.79	0.2	40.47	84.03	22.36
610.8010	11.57	0.2	40.49	86.96	22.55
611.8020	8.88	0.2	40.52	86.96	22.82
612.8020	12.77	0.2	40.50	82.64	22.10
613.8040	13.08	0.3	40.49	82.64	21.79
614.8030	12.55	0.3	40.49	82.64	21.92
615.8030	12.30	0.3	40.48	81.97	21.92
616.8040	11.51	0.3	40.48	80.65	21.67
617.8050	11.91	0.3	40.47	82.64	21.79
618.8050	10.81	0.3	40.47	81.30	21.73
619.8050	16.78	0.5	40.42	78.74	21.25
620.8060	15.07	0.4	40.42	79.37	21.08
621.8070	16.92	0.6	40.35	78.12	20.69
622.8080	17.34	1.0	40.17	74.63	19.99
623.8070	18.04	1.3	40.02	71.94	19.69
624.8080	18.38	1.2	39.96	74.07	19.69
625.8080	17.81	1.6	39.83	73.53	19.54
626.8090	16.78	1.6	39.80	72.99	19.49
627.8090	17.23	1.3	39.91	76.34	19.74
628.8090	14.09	0.8	40.09	75.76	20.15
629.8100	12.55	0.9	40.10	75.76	20.36
630.8110	14.93	0.8	40.16	75.76	20.47
631.8110	14.23	0.5	40.28	77.52	20.63
632.8110	13.98	0.4	40.30	78.12	20.97
633.8120	11.91	0.4	40.35	77.52	21.20
634.8130	11.37	0.4	40.35	78.12	20.97
635.8130	10.84	0.5	40.33	76.92	20.85
636.8130	10.84	0.5	40.33	77.52	20.80
637.8140	11.63	0.6	40.29	76.34	20.58
638.8140	12.89	0.6	40.25	78.12	20.31
639.8150	13.00	0.6	40.23	77.52	20.52
640.8150	12.05	0.7	40.24	78.12	20.63
641.8150	13.03	0.6	40.25	76.34	20.52
642.8170	12.44	0.5	40.31	79.37	21.02
643.8170	9.97	0.5	40.33	78.12	20.74
644.8170	12.83	0.6	40.28	75.76	20.52
645.8170	13.73	1.2	40.03	74.63	19.84
646.8180	13.78	1.5	39.86	75.76	19.54
647.8190	13.84	1.2	39.94	75.19	20.10
648.8190	15.46	0.9	40.03	76.92	20.47
649.8190	14.01	0.6	40.21	77.52	20.63
650.8200	11.29	0.4	40.29	78.12	20.91
651.8210	15.74	0.5	40.30	78.74	20.91
652.8210	17.56	0.6	40.26	76.34	20.85
653.8210	20.59	0.7	40.20	76.92	20.52
654.8210	18.35	0.5	40.28	79.37	20.97
655.8220	16.97	0.5	40.31	76.92	20.85
656.8230	17.67	0.5	40.30	78.12	20.85
657.8230	16.02	0.4	40.34	78.74	20.97
658.8230	14.48	0.5	40.29	76.92	20.74
659.8240	16.41	0.5	40.26	78.12	20.74
660.8250	13.56	0.4	40.35	80.00	21.14
661.8250	14.76	0.3	40.39	78.74	21.25
662.8250	13.87	0.3	40.41	81.30	21.79
663.8260	13.05	0.2	40.41	80.65	21.73
664.8260	16.47	0.4	40.37	81.30	21.20
665.8270	14.96	0.3	40.41	80.00	21.55
666.8270	16.95	0.3	40.41	80.65	21.43
667.8270	15.60	0.3	40.41	80.00	21.67
668.8280	14.90	0.3	40.41	80.65	21.43
669.8290	14.15	0.5	40.37	78.74	20.69
670.8290	17.31	0.9	40.14	76.34	20.52
671.8300	15.80	0.8	40.15	74.63	20.20
672.8300	16.55	1.6	39.86	72.46	19.49
673.8300	16.25	1.3	39.85	74.63	19.69
674.8310	18.96	1.0	39.98	76.34	20.31
675.8310	18.77	0.5	40.21	78.12	20.52
676.8320	20.00	0.5	40.28	78.12	20.91
677.8320	15.43	0.5	40.31	78.74	20.91
678.8330	18.01	0.5	40.30	78.12	20.74
679.8330	18.94	0.7	40.20	76.92	20.36
680.8340	17.03	0.8	40.14	77.52	20.36
681.8340	20.20	0.6	40.19	76.34	20.52
682.8350	15.27	0.5	40.24	78.12	20.52
683.8350	14.93	1.0	40.11	75.76	20.26
684.8350	16.69	1.6	39.87	74.63	19.44
685.8360	20.70	1.6	39.77	71.43	19.35
686.8360	18.29	1.2	39.85	74.63	19.74
687.8370	18.80	1.3	39.90	74.07	19.74
688.8370	17.42	1.2	39.92	74.63	19.99
689.8380	17.25	1.4	39.87	74.63	19.59
690.8380	13.28	1.0	39.97	74.63	20.05
691.8400	12.97	0.8	40.07	76.34	20.42
692.8390	14.76	0.9	40.10	73.53	20.26
693.8390	14.99	1.1	39.98	74.63	19.99
694.8400	12.58	1.1	39.96	75.19	19.94
695.8410	14.76	1.5	39.82	74.07	19.49
696.8410	14.90	1.5	39.79	71.43	19.30
697.8410	17.98	1.2	39.84	72.99	19.89
698.8420	15.60	0.9	39.98	75.76	20.36
699.8420	13.36	0.6	40.13	77.52	20.47
700.8440	14.96	0.6	40.18	78.12	20.52
701.8430	15.66	0.6	40.21	77.52	20.63
702.8430	14.82	0.7	40.17	76.34	20.42
703.8440	14.31	0.7	40.14	76.92	20.31
704.8450	15.41	0.6	40.19	76.34	20.63
705.8450	14.09	0.5	40.22	77.52	20.63
706.8450	16.78	0.6	40.20	76.34	20.31
707.8460	16.69	0.6	40.17	76.34	20.42
708.8470	15.99	0.7	40.15	76.92	20.52
709.8480	17.00	0.5	40.24	80.00	21.02
710.8470	15.77	0.3	40.31	79.37	21.02
711.8480	16.05	0.4	40.32	78.12	21.08
712.8480	14.93	0.4	40.32	78.74	21.02
713.8490	14.54	0.4	40.30	78.74	21.02
714.8490	15.66	0.4	40.32	78.12	20.97
715.8490	15.43	0.5	40.28	76.92	20.91
716.8500	16.41	0.5	40.28	77.52	20.85
717.8510	15.29	0.5	40.28	75.76	20.80
718.8510	14.65	0.4	40.32	80.00	21.08
719.8510	13.08	0.3	40.36	80.00	21.67
720.8520	15.27	0.4	40.34	81.30	21.98
721.8530	14.62	0.3	40.37	81.97	21.79
722.8530	14.82	0.3	40.38	81.30	21.85
723.8530	15.57	0.2	40.40	81.97	21.98
724.8540	18.01	0.2	40.41	81.97	22.23
725.8540	15.97	0.2	40.40	84.03	22.42
726.8550	14.65	0.2	40.41	84.75	22.55
727.8550	14.23	0.2	40.41	84.75	22.55
728.8550	12.72	0.2	40.41	82.64	22.49
729.8570	13.42	0.2	40.41	83.33	22.49
730.8570	12.89	0.2	40.41	84.03	22.42
731.8570	11.54	0.2	40.41	84.03	22.23
732.8570	13.03	0.2	40.41	85.47	21.98
733.8580	14.37	0.3	40.41	84.75	21.67
734.8590	14.31	0.3	40.41	81.97	21.61
735.8590	14.73	0.3	40.39	81.97	21.61
736.8590	12.86	0.3	40.40	81.30	21.43
737.8600	18.40	0.4	40.34	80.00	21.25
738.8610	15.63	0.3	40.39	82.64	21.67
739.8610	14.45	0.2	40.40	81.97	21.79
740.8610	15.71	0.2	40.41	82.64	22.29
741.8610	14.96	0.2	40.41	84.75	22.75
742.8620	16.75	0.2	40.42	85.47	22.95
743.8630	15.32	0.2	40.46	86.96	23.23
744.8630	13.89	0.2	40.45	85.47	22.88
745.8630	15.88	0.2	40.44	84.75	22.68
746.8640	15.74	0.2	40.43	82.64	22.29
747.8650	15.99	0.2	40.41	83.33	22.10
748.8650	16.97	0.2	40.40	82.64	22.10
749.8650	14.68	0.2	40.42	82.64	22.10
750.8660	14.43	0.2	40.41	82.64	22.17
751.8660	14.15	0.2	40.44	85.47	22.82
752.8670	11.21	0.2	40.43	84.03	22.36
753.8670	12.63	0.2	40.45	82.64	22.49
754.8670	17.81	0.2	40.43	83.33	22.36
755.8680	13.81	0.2	40.43	84.75	22.23
756.8690	14.54	0.2	40.44	84.03	22.36
757.8690	15.38	0.2	40.42	83.33	22.17
758.8700	14.99	0.3	40.41	82.64	21.85
759.8700	14.87	0.3	40.41	80.65	21.73
760.8700	15.35	0.4	40.39	79.37	21.20
761.8710	15.41	0.3	40.39	79.37	21.31
762.8710	17.23	0.3	40.39	80.65	21.08
763.8720	18.01	0.4	40.36	79.37	21.08
764.8720	18.29	0.6	40.29	79.37	20.63
765.8730	20.64	0.5	40.28	81.30	21.02
766.8730	15.04	0.4	40.32	79.37	20.80
767.8740	17.79	0.4	40.31	78.12	20.91
768.8740	17.70	0.6	40.27	77.52	20.74
769.8750	19.47	0.5	40.29	78.74	20.85
770.8750	16.75	0.5	40.27	78.12	20.63
771.8750	16.19	0.5	40.26	78.74	20.74
772.8760	16.30	0.4	40.32	79.37	20.74
773.8760	15.29	0.3	40.35	79.37	21.02
774.8770	17.34	0.4	40.34	80.00	20.85
775.8770	12.49	0.5	40.30	76.92	20.85
776.8780	10.98	0.5	40.27	76.34	20.58
777.8780	16.53	0.9	40.11	75.76	20.42
778.8800	14.26	1.1	40.02	73.53	20.10
779.8790	15.13	1.3	39.89	74.07	19.74
780.8790	11.57	1.1	39.96	75.19	20.20
781.8800	10.70	1.0	39.99	75.76	19.89
782.8810	15.71	1.0	39.97	75.76	20.20
783.8810	16.97	0.8	40.07	77.52	20.47
784.8810	14.51	0.6	40.19	77.52	20.52
785.8820	10.51	0.6	40.21	76.92	20.58
786.8820	10.62	1.0	40.09	74.63	20.36
787.8840	9.53	0.9	40.06	74.63	20.05
788.8830	-7.28	0.3	40.24	32.47	19.84
789.8830	-8.40	-0.0	40.46	0.00	19.20
790.8840	-9.85	-0.0	40.52	0.00	17.92
791.8850	16.27	0.1	40.49	63.29	17.13
792.8850	22.32	3.3	39.30	69.44	17.67
793.8850	14.99	2.9	39.22	69.44	18.25
794.8860	12.35	1.6	39.57	72.99	19.59
795.8870	12.86	1.4	39.72	74.07	19.49
796.8880	14.20	1.3	39.80	75.76	20.05
797.8870	15.97	1.0	39.90	76.92	19.64
798.8880	16.19	0.9	39.99	76.34	19.59
799.8880	15.94	1.0	39.97	75.76	20.20
800.8890	17.17	0.7	40.03	76.34	20.20
801.8890	18.99	1.1	39.97	76.34	20.10
802.8890	15.91	0.8	40.03	77.52	20.31
803.8900	18.26	1.0	39.97	75.19	20.31
804.8910	17.31	0.6	40.09	76.34	20.26
805.8910	14.79	0.5	40.19	78.12	20.80
806.8910	12.80	0.4	40.23	78.74	21.02
807.8920	16.08	0.4	40.24	79.37	21.02
808.8930	16.67	0.6	40.20	75.19	20.69
809.8930	18.04	0.8	40.12	75.76	20.20
810.8930	17.34	0.7	40.09	75.19	20.26
811.8940	16.69	1.0	40.01	75.76	20.26
812.8940	15.77	0.9	40.04	76.92	20.10
813.8950	14.29	0.8	40.06	76.34	20.31
814.8950	14.23	0.8	40.06	75.19	20.31
815.8950	14.82	0.8	40.07	76.34	20.26
816.8970	16.44	0.9	40.04	75.19	20.15
817.8970	15.55	1.1	39.92	74.07	19.89
818.8970	20.64	1.5	39.79	70.92	19.59
819.8970	23.47	1.9	39.59	70.42	18.97
820.8980	25.85	2.1	39.49	72.46	19.11
821.8990	23.92	1.9	39.54	71.94	19.16
822.8990	25.10	1.9	39.52	70.42	19.01
823.8990	23.22	1.9	39.54	71.94	19.25
824.9000	20.84	1.7	39.59	71.43	19.35
825.9010	16.97	2.0	39.48	69.44	19.06
826.9010	17.00	1.9	39.47	71.43	19.11
827.9010	18.91	2.2	39.42	70.92	18.97
828.9010	23.28	1.9	39.44	70.42	18.97
829.9020	23.42	1.8	39.52	71.43	19.35
830.9030	24.37	1.6	39.54	72.99	19.20
831.9030	21.65	2.1	39.43	70.92	18.83
832.9030	20.42	2.3	39.33	71.43	18.78
833.9040	18.60	2.4	39.24	68.97	18.47
834.9050	15.01	2.4	39.26	69.44	18.47
835.9050	16.47	2.0	39.37	71.43	18.97
836.9050	22.04	1.9	39.44	71.43	19.11
837.9060	21.26	1.8	39.47	70.92	19.01
838.9060	28.34	2.1	39.37	71.94	18.92
839.9070	23.98	2.4	39.28	69.44	18.47
840.9070	25.15	2.4	39.22	67.57	18.34
841.9070	22.52	2.5	39.21	68.97	18.60
842.9080	14.68	2.5	39.22	68.49	18.56
843.9090	14.65	2.5	39.18	69.44	18.21
844.9090	22.66	2.4	39.22	69.93	18.60
845.9100	24.40	2.4	39.18	68.97	18.56
846.9100	20.50	2.1	39.24	71.94	18.60
847.9100	20.78	1.9	39.37	70.42	18.78
848.9110	15.21	2.3	39.24	70.42	18.74
849.9110	17.09	2.2	39.26	70.92	18.83
850.9120	11.63	2.0	39.34	70.92	19.06
851.9120	11.09	1.8	39.45	71.94	18.97
852.9130	14.03	1.8	39.39	70.92	18.97
853.9130	18.80	2.1	39.33	71.94	18.88
854.9140	18.99	2.3	39.27	69.44	18.69
855.9140	18.63	2.4	39.18	70.92	18.47
856.9150	17.73	2.6	39.16	68.97	18.38
857.9150	17.37	3.0	39.00	66.23	17.88
858.9150	8.77	4.3	38.57	58.82	16.72
859.9160	18.40	4.5	38.29	62.11	16.54
860.9160	27.87	4.3	38.39	65.36	16.76
861.9170	28.04	3.1	38.73	68.03	18.00
862.9170	23.19	2.8	38.89	66.67	18.13
863.9180	15.97	2.5	39.00	68.97	18.47
864.9180	12.41	2.3	39.13	68.97	18.74
865.9200	15.69	2.6	39.05	68.49	18.34
866.9190	24.87	2.6	38.99	68.03	18.30
867.9190	23.72	2.3	39.08	71.94	18.65
868.9200	22.24	1.9	39.26	71.94	18.92
869.9210	20.98	1.5	39.42	72.46	19.44
870.9210	18.94	1.3	39.50	73.53	19.59
871.9210	16.75	1.4	39.53	72.99	19.44
872.9220	15.97	1.6	39.47	70.92	19.35
873.9220	16.47	2.1	39.27	69.44	18.88
874.9240	20.31	1.7	39.33	71.94	18.88
875.9230	21.57	1.4	39.51	73.53	19.44
876.9230	20.73	1.0	39.66	75.76	19.99
877.9240	18.71	0.7	39.78	75.19	20.20
878.9250	18.23	0.7	39.82	76.92	20.26
879.9250	16.97	0.6	39.87	75.19	20.47
880.9250	14.62	0.5	39.91	77.52	20.58
881.9260	14.48	0.5	39.93	76.92	20.26
882.9270	13.22	0.6	39.92	76.34	20.36
883.9280	15.38	0.6	39.91	76.34	20.52
884.9270	14.57	0.4	39.97	78.12	20.63
885.9280	13.42	0.3	40.03	76.92	20.91
886.9280	14.29	0.5	40.00	76.34	20.69
887.9290	14.01	0.5	39.99	77.52	20.42
888.9290	13.28	1.2	39.76	72.99	19.64
889.9290	13.19	1.2	39.67	75.19	19.64
890.9300	11.68	1.0	39.76	74.07	19.94
891.9310	10.95	0.7	39.86	76.34	20.31
892.9310	7.51	0.5	39.95	52.63	20.63
893.9310	-10.10	0.0	40.14	0.00	20.26
894.9320	-9.52	-0.0	40.23	0.00	21.37
895.9330	-9.29	-0.0	40.24	0.00	21.98
896.9330	-8.84	-0.0	40.24	0.00	21.49
897.9330	-2.10	-0.0	40.24	82.64	20.91
898.9340	10.53	0.1	40.20	77.52	20.80
899.9340	12.61	0.3	40.13	80.00	21.37
900.9350	12.02	0.2	40.14	81.97	21.79
901.9350	11.12	0.2	40.17	84.75	22.42
902.9350	9.55	0.2	40.17	84.75	22.75
903.9370	-2.29	0.2	40.18	50.76	23.09
904.9370	-8.68	-0.0	40.28	20.79	23.51
905.9370	-9.10	-0.0	40.29	0.00	24.02
906.9370	-9.38	-0.0	40.29	0.00	24.24
907.9380	-9.46	-0.0	40.29	0.00	24.55
908.9390	-9.49	-0.0	40.29	0.00	24.87
909.9390	-9.63	-0.0	40.29	0.00	24.79
910.9390	-9.52	-0.0	40.33	0.00	24.55
911.9400	-10.05	-0.0	40.34	0.00	24.40
912.9410	-9.80	-0.0	40.35	0.00	24.09
913.9410	-10.02	-0.0	40.35	0.00	23.58
914.9410	-14.33	-0.0	40.35	0.00	23.09
915.9410	-13.80	-0.0	40.35	0.00	23.37
916.9420	-13.69	-0.0	40.35	0.00	23.80
917.9430	-12.48	-0.0	40.35	0.00	23.65
918.9430	-12.46	-0.0	40.35	0.00	23.87
919.9430	-12.57	-0.0	40.35	0.00	24.17
920.9440	-11.95	-0.0	40.35	0.00	24.24
921.9450	-11.76	-0.0	40.35	0.00	24.24
922.9450	-10.44	-0.0	40.35	0.00	24.32
923.9450	-10.69	-0.0	40.35	0.00	24.47
924.9460	-10.78	-0.0	40.35	0.00	23.72
925.9460	-10.47	-0.0	40.36	0.00	22.82
926.9470	-10.22	-0.0	40.37	0.00	22.17
927.9470	9.33	-0.0	40.41	81.30	21.85
928.9470	14.26	0.2	40.29	81.30	21.49
929.9480	14.29	0.3	40.26	81.30	21.85
930.9490	14.43	0.3	40.24	84.75	22.23
931.9490	11.71	0.2	40.26	84.75	22.23
932.9500	12.24	0.3	40.25	84.03	22.04
933.9500	13.84	0.3	40.24	81.97	21.49
934.9500	13.31	0.3	40.22	78.74	21.20
935.9510	15.18	0.3	40.24	84.03	21.67
936.9510	15.69	0.3	40.22	81.30	21.25
937.9520	16.83	0.3	40.24	81.30	21.20
938.9520	18.43	0.3	40.21	80.00	21.02
939.9530	19.38	0.4	40.21	80.65	21.14
940.9530	20.98	0.3	40.19	81.30	21.02
941.9540	18.32	0.3	40.23	81.30	21.02
942.9540	19.52	0.3	40.22	81.30	21.31
943.9550	18.15	0.3	40.24	84.03	21.92
944.9550	14.31	0.2	40.26	85.47	22.23
945.9550	12.13	0.2	40.28	84.75	22.36
946.9560	12.80	0.2	40.28	84.03	22.42
947.9560	14.23	0.2	40.29	84.03	22.55
948.9570	12.89	0.2	40.28	85.47	22.68
949.9570	13.50	0.2	40.29	83.33	22.49
950.9580	14.90	0.3	40.28	81.30	22.04
951.9580	14.01	0.2	40.27	81.30	21.61
952.9600	14.15	0.3	40.24	80.00	21.14
953.9590	14.90	0.3	40.23	80.00	21.14
954.9590	16.33	0.4	40.20	78.74	20.80
955.9600	12.94	0.5	40.18	78.74	20.47
956.9610	11.32	0.7	40.07	74.63	20.47
957.9610	14.09	1.1	39.91	74.63	19.94
958.9610	17.28	1.2	39.84	73.53	19.74
959.9620	19.08	1.1	39.85	75.76	19.94
960.9620	17.79	1.0	39.89	76.34	20.05
961.9640	16.92	1.0	39.91	75.76	19.84
962.9630	16.81	1.0	39.87	74.63	19.89
963.9630	14.15	1.0	39.89	74.07	19.99
964.9640	15.29	0.5	40.07	78.74	20.47
965.9650	16.05	1.0	39.92	74.63	19.94
966.9650	12.80	0.9	39.89	74.07	20.10
967.9650	10.87	0.9	39.97	75.19	20.15
968.9660	4.15	0.7	39.99	52.36	20.20
969.9670	-9.43	-0.0	40.27	21.60	19.74
970.9680	-9.10	-0.0	40.35	0.00	19.16
971.9670	4.37	-0.0	40.35	66.67	18.74
972.9680	-1.00	1.3	39.95	84.03	18.56
973.9680	8.88	0.8	39.84	0.00	18.30
974.9690	9.75	-0.0	40.30	0.00	17.79
975.9690	9.86	-0.0	40.35	0.00	17.09
976.9690	10.06	-0.0	40.35	0.00	15.15
977.9700	9.58	-0.0	40.36	0.00	11.26
978.9710	6.05	-0.0	40.40	0.00	11.26
979.9710	-1.28	-0.0	40.41	0.00	6.57
980.9710	-0.81	-0.0	40.41	0.00	6.57
981.9720	-0.53	-0.0	40.41	0.00	0.00
982.9730	-0.98	-0.0	40.41	0.00	0.00
983.9730	-1.03	-0.0	40.41	0.00	0.00
984.9730	-0.81	-0.0	40.41	0.00	0.00
985.9740	-0.98	-0.0	40.41	0.00	0.00
986.9740	-0.92	-0.0	40.41	0.00	0.00
987.9750	-0.81	-0.0	40.41	0.00	0.00
988.9750	0.87	-0.0	40.41	25.38	0.00
989.9750	18.82	2.8	39.66	45.87	0.00
990.9770	2.53	10.1	36.97	42.74	10.94
991.9770	0.42	-0.0	39.76	0.00	11.99
992.9770	10.93	0.7	40.05	74.07	12.10
993.9770	7.45	8.8	37.43	84.03	14.69
994.9780	1.10	4.7	38.21	99.01	16.83
995.9790	1.60	3.1	38.84	102.04	17.43
996.9790	11.40	2.7	39.02	99.01	18.17
997.9790	6.67	3.3	38.81	101.01	17.39
998.9800	3.17	2.6	39.07	102.04	18.38
999.9810	2.22	1.7	39.37	103.09	18.92
1000.9810	8.60	1.5	39.49	81.97	19.54
1001.9810	11.37	0.9	39.70	84.03	19.89
1002.9810	9.64	0.8	39.82	76.92	20.42
1003.9820	13.08	0.4	39.97	78.74	20.85
1004.9830	13.08	0.3	40.04	80.00	21.20
1005.9830	11.09	0.3	40.10	81.30	21.61
1006.9830	9.83	0.3	40.11	79.37	21.55
1007.9840	10.45	0.3	40.12	80.65	21.85
1008.9850	9.67	0.3	40.13	81.30	21.85
1009.9850	12.52	0.3	40.11	84.75	21.14
1010.9850	14.45	0.2	40.13	82.64	22.10
1011.9860	12.35	0.2	40.17	85.47	22.49
1012.9860	10.11	0.2	40.18	84.03	22.68
1013.9870	13.61	0.2	40.17	84.03	22.42
1014.9870	12.44	0.2	40.18	84.03	22.29
1015.9870	13.31	0.2	40.18	83.33	22.17
1016.9880	13.89	0.2	40.18	83.33	22.36
1017.9890	13.59	0.2	40.18	81.97	22.36
1018.9890	11.68	0.2	40.18	82.64	22.29
1019.9900	11.85	0.2	40.19	82.64	22.17
1020.9900	11.54	0.2	40.18	85.47	22.17
1021.9900	11.12	0.2	40.20	85.47	22.36
1022.9910	11.26	0.2	40.20	85.47	22.36
1023.9910	10.34	0.2	40.20	84.03	22.23
1024.9919	11.23	0.2	40.21	83.33	22.29
1025.9919	11.71	0.2	40.22	84.03	22.49
1026.9930	12.94	0.2	40.21	83.33	22.23
1027.9930	12.44	0.2	40.23	84.03	22.29
1028.9940	11.51	0.2	40.22	84.03	22.23
1029.9940	11.65	0.2	40.22	83.33	22.17
1030.9949	13.92	0.2	40.23	83.33	22.04
1031.9949	14.43	0.2	40.21	81.97	21.98
1032.9949	14.65	0.2	40.22	81.30	21.85
1033.9959	16.67	0.3	40.20	81.97	21.92
1034.9959	14.51	0.2	40.22	81.97	21.85
1035.9969	14.90	0.2	40.22	80.65	21.79
1036.9969	13.98	0.3	40.22	80.00	21.67
1037.9980	14.37	0.3	40.21	80.00	21.61
1038.9980	15.66	0.3	40.20	80.00	21.31
1040.0000	16.67	0.3	40.21	81.30	21.49
1040.9990	15.24	0.3	40.20	79.37	21.14
1041.9990	15.60	0.3	40.18	78.74	21.08
1043.0000	15.77	0.4	40.19	78.12	21.02
1044.0009	16.95	0.3	40.16	80.00	21.02
1045.0009	15.97	0.4	40.17	78.74	20.85
1046.0009	14.82	0.3	40.17	78.74	21.02
1047.0019	15.99	0.4	40.16	80.00	21.20
1048.0019	16.72	0.4	40.17	78.74	21.20
1049.0040	15.60	0.3	40.17	78.74	20.97
1050.0030	14.57	0.4	40.17	78.74	20.97
1051.0030	13.28	0.4	40.16	78.12	20.85
1052.0040	15.77	0.3	40.16	79.37	20.97
1053.0050	15.29	0.3	40.20	80.65	21.20
1054.0050	14.99	0.3	40.20	80.65	21.43
1055.0050	15.52	0.3	40.21	78.74	21.08
1056.0059	15.32	0.5	40.12	76.92	20.36
1057.0069	17.00	0.8	40.02	74.63	20.05
1058.0080	18.35	0.7	40.03	76.92	20.52
1059.0069	16.55	0.4	40.10	79.37	20.80
1060.0080	16.05	0.3	40.18	81.30	21.43
1061.0080	13.56	0.2	40.22	81.97	21.79
1062.0090	13.84	0.2	40.23	81.97	22.23
1063.0090	14.01	0.2	40.24	84.03	22.23
1064.0090	13.53	0.2	40.24	83.33	22.29
1065.0100	13.08	0.2	40.24	84.03	22.29
1066.0109	15.32	0.2	40.25	84.75	22.55
1067.0109	15.63	0.2	40.25	84.75	22.75
1068.0109	14.20	0.2	40.26	85.47	22.75
1069.0119	13.36	0.2	40.26	84.75	22.75
1070.0129	12.07	0.2	40.26	84.03	22.68
1071.0129	12.55	0.2	40.25	84.75	22.75
1072.0129	11.77	0.2	40.27	85.47	22.68
1073.0140	11.91	0.2	40.26	83.33	22.62
1074.0140	13.08	0.2	40.25	84.75	22.49
1075.0150	10.70	0.2	40.25	83.33	22.29
1076.0150	11.37	0.2	40.25	83.33	22.17
1077.0150	13.17	0.2	40.24	82.64	22.29
1078.0169	12.27	0.2	40.26	84.03	22.49
1079.0169	12.21	0.2	40.26	84.03	22.10
1080.0169	11.79	0.2	40.26	83.33	22.17
1081.0169	12.13	0.2	40.26	81.30	22.17
1082.0179	11.63	0.2	40.25	81.97	21.79
1083.0190	15.55	0.2	40.25	82.64	21.85
1084.0190	12.94	0.2	40.25	81.97	21.79
1085.0190	11.96	0.3	40.23	81.30	21.61
1086.0200	14.03	0.3	40.23	80.65	21.61
1087.0209	16.13	0.3	40.24	80.65	21.37
1088.0209	13.64	0.3	40.23	80.00	21.25
1089.0209	13.59	0.3	40.23	80.65	21.49
1090.0209	14.79	0.3	40.25	80.65	21.61
1091.0219	16.47	0.2	40.25	81.97	21.98
1092.0229	14.48	0.2	40.28	84.03	22.29
1093.0229	14.03	0.2	40.28	84.75	22.55
1094.0229	10.62	0.2	40.28	82.64	22.75
1095.0240	9.64	0.2	40.28	86.21	22.75
1096.0250	11.26	0.2	40.29	84.75	22.62
1097.0250	13.42	0.2	40.27	85.47	22.42
1098.0250	13.67	0.2	40.29	84.75	22.82
1099.0260	12.24	0.2	40.29	84.75	22.62
1100.0260	11.74	0.2	40.29	85.47	22.55
1101.0269	10.37	0.2	40.29	86.21	22.42
1102.0269	9.64	0.2	40.28	84.03	22.17
1103.0269	10.09	0.2	40.28	81.97	22.23
1104.0279	10.53	0.2	40.27	80.65	22.04
1105.0290	11.63	0.2	40.28	82.64	21.92
1106.0290	12.30	0.2	40.26	83.33	21.67
1107.0300	15.74	0.2	40.26	81.97	21.67
1108.0300	14.57	0.2	40.27	83.33	22.17
1109.0300	11.82	0.2	40.28	82.64	22.10
1110.0310	13.08	0.2	40.29	84.03	22.29
1111.0310	15.15	0.2	40.28	85.47	22.82
1112.0319	13.39	0.2	40.29	83.33	22.88
1113.0319	12.49	0.2	40.30	84.75	22.88
1114.0329	11.49	0.2	40.30	85.47	22.88
1115.0329	9.92	0.2	40.29	84.75	22.62
1116.0340	12.63	0.2	40.29	84.03	22.42
1117.0340	10.51	0.2	40.28	84.03	22.29
1118.0350	12.63	0.2	40.28	81.30	21.92
1119.0350	12.97	0.2	40.27	81.97	21.85
1120.0350	12.02	0.2	40.28	81.97	21.79
1121.0360	9.72	0.2	40.28	81.97	21.85
1122.0360	9.69	0.2	40.27	81.30	21.73
1123.0369	12.61	0.2	40.27	82.64	21.49
1124.0369	14.71	0.3	40.26	81.30	21.31
1125.0379	15.13	0.3	40.25	81.30	21.37
1126.0379	10.87	0.3	40.23	80.65	21.20
1127.0400	12.21	0.3	40.23	81.30	21.20
1128.0389	14.99	0.3	40.22	77.52	20.97
1129.0389	13.70	0.4	40.20	78.12	20.97
1130.0400	15.52	0.5	40.17	76.92	20.69
1131.0410	16.05	0.5	40.14	76.92	20.47
1132.0410	18.23	0.7	40.09	76.34	20.36
1133.0410	19.69	0.5	40.11	78.74	20.74
1134.0419	16.13	0.4	40.15	78.12	20.97
1135.0419	18.21	0.3	40.20	80.00	21.14
1136.0439	15.88	0.3	40.24	78.74	21.37
1137.0429	15.18	0.3	40.24	80.65	21.31
1138.0429	15.29	0.3	40.25	79.37	21.37
1139.0439	14.65	0.3	40.24	78.74	21.20
1140.0450	16.61	0.3	40.23	80.65	21.25
1141.0450	16.55	0.3	40.24	80.00	21.55
1142.0450	16.13	0.2	40.26	81.30	21.73
1143.0460	16.53	0.2	40.26	80.65	21.79
1144.0469	15.38	0.2	40.28	81.97	21.98
1145.0479	15.18	0.2	40.28	83.33	21.98
1146.0469	15.46	0.2	40.28	81.30	22.04
1147.0479	13.28	0.2	40.26	81.30	21.98
1148.0479	14.40	0.2	40.28	84.03	21.98
1149.0489	12.44	0.2	40.29	84.03	22.29
1150.0489	13.31	0.2	40.30	84.03	22.23
1151.0489	14.15	0.2	40.29	83.33	22.62
1152.0500	13.78	0.2	40.29	85.47	22.82
1153.0510	12.83	0.2	40.30	86.96	22.95
1154.0510	13.05	0.2	40.30	85.47	22.88
1155.0510	13.45	0.2	40.30	86.96	23.30
1156.0520	13.98	0.2	40.30	90.09	23.51
1157.0529	14.59	0.1	40.32	89.29	23.80
1158.0529	11.91	0.2	40.32	88.50	23.80
1159.0529	10.45	0.2	40.33	89.29	23.65
1160.0539	8.32	0.2	40.31	88.50	23.72
1161.0539	8.41	0.2	40.31	90.91	23.44
1162.0550	10.34	0.2	40.31	84.03	23.23
1163.0550	11.26	0.2	40.30	86.96	23.30
1164.0550	11.71	0.2	40.31	86.96	23.37
1165.0570	12.21	0.2	40.32	87.72	23.44
1166.0570	14.93	0.2	40.31	84.75	23.23
1167.0570	15.52	0.2	40.30	87.72	23.09
1168.0570	13.92	0.2	40.29	86.21	23.09
1169.0579	12.05	0.2	40.30	85.47	22.75
1170.0589	13.19	0.2	40.30	86.21	22.82
1171.2049	12.58	0.2	40.30	86.96	22.68
1172.2170	11.93	0.2	40.30	85.47	22.82
1173.2170	12.30	0.2	40.30	85.47	22.88
1174.2170	11.74	0.2	40.29	84.03	22.62
1175.2180	13.81	0.2	40.30	84.03	22.49
1176.2189	13.87	0.2	40.29	84.75	22.42
1177.2189	15.66	0.2	40.28	84.03	22.42
1178.2189	16.36	0.2	40.30	84.03	22.42
1179.2199	17.31	0.2	40.30	84.03	22.49
1180.2209	16.86	0.2	40.30	83.33	22.55
1181.2209	16.92	0.2	40.29	84.75	22.17
1182.2209	16.83	0.2	40.30	84.03	22.42
1183.2220	14.73	0.2	40.30	89.29	22.95
1184.2220	12.27	0.2	40.30	86.21	23.02
1185.2230	11.01	0.2	40.32	90.09	23.44
1186.2230	8.55	0.2	40.34	90.09	23.51
1187.2230	9.33	0.2	40.33	88.50	23.65
1188.2249	8.88	0.2	40.34	90.09	23.94
1189.2249	10.03	0.1	40.34	89.29	23.94
1190.2249	13.19	0.1	40.35	89.29	23.87
1191.2249	12.63	0.2	40.34	88.50	23.80
1192.2259	11.07	0.2	40.34	89.29	23.65
1193.2270	11.63	0.2	40.34	89.29	23.72
1194.2270	10.53	0.2	40.35	89.29	23.72
1195.2270	9.69	0.2	40.34	90.09	23.72
1196.2280	10.25	0.2	40.35	87.72	23.58
1197.2290	12.44	0.2	40.33	88.50	23.44
1198.2290	14.06	0.2	40.34	87.72	23.58
1199.2290	16.50	0.1	40.35	89.29	23.87
1200.2290	17.48	0.2	40.34	88.50	23.51
1201.2299	13.64	0.1	40.34	88.50	23.87
1202.2309	12.19	0.2	40.34	89.29	23.80
1203.2309	13.00	0.2	40.35	90.91	23.58
1204.2309	11.96	0.2	40.34	90.91	23.58
1205.2320	11.12	0.2	40.34	86.21	23.23
1206.2330	12.21	0.2	40.34	87.72	23.72
1207.2330	11.71	0.2	40.34	87.72	23.65
1208.2330	13.98	0.1	40.34	88.50	23.58
1209.2340	14.93	0.2	40.35	88.50	23.58
1210.2340	13.28	0.2	40.35	88.50	23.51
1211.2349	12.16	0.2	40.35	88.50	23.65
1212.2349	10.14	0.2	40.34	88.50	23.58
1213.2349	10.28	0.2	40.34	89.29	23.87
1214.2359	10.23	0.2	40.34	86.21	23.72
1215.2370	10.25	0.2	40.35	90.09	23.72
1216.2370	12.69	0.1	40.35	91.74	23.65
1217.2380	16.19	0.2	40.34	88.50	23.87
1218.2380	16.22	0.2	40.34	88.50	23.65
1219.2380	14.03	0.2	40.34	89.29	23.58
1220.2390	10.51	0.1	40.35	90.09	23.94
1221.2390	8.71	0.2	40.35	94.34	24.02
1222.2399	7.93	0.1	40.36	93.46	24.55
1223.2399	8.77	0.1	40.34	91.74	24.55
1224.2409	11.85	0.1	40.35	91.74	24.47
1225.2409	14.68	0.1	40.35	91.74	24.55
1226.2419	13.08	0.1	40.35	93.46	24.63
1227.2419	9.72	0.1	40.36	92.59	24.87
1228.2430	8.18	0.1	40.36	82.64	24.79
1229.2430	16.69	0.1	40.35	82.64	24.71
1230.2430	18.54	0.1	40.35	81.97	24.32
1231.2440	17.51	0.1	40.35	80.65	24.17
1232.2440	9.02	0.2	40.34	90.09	23.65
1233.2449	17.03	0.2	40.35	89.29	24.02
1234.2449	15.43	0.1	40.35	91.74	24.17
1235.2459	15.04	0.1	40.35	90.91	24.63
1236.2459	16.92	0.1	40.35	91.74	24.63
1237.2480	15.77	0.1	40.35	90.09	24.24
1238.2469	10.03	0.1	40.36	90.91	24.47
1239.2469	9.83	0.1	40.35	92.59	24.79
1240.2480	9.47	0.1	40.35	92.59	24.87
1241.2490	8.99	0.1	40.36	93.46	24.95
1242.2490	13.81	0.1	40.36	91.74	24.63
1243.2490	14.37	0.1	40.35	90.91	24.79
1244.2500	11.68	0.1	40.35	90.91	24.40
1245.2500	9.13	0.1	40.35	88.50	24.32
1246.2519	9.36	0.2	40.35	90.09	24.32
1247.2509	8.69	0.2	40.36	87.72	23.65
1248.2509	10.98	0.2	40.35	86.21	23.51
1249.2519	12.52	0.2	40.35	86.96	23.09
1250.2530	14.29	0.2	40.35	88.50	23.09
1251.2530	15.85	0.2	40.35	87.72	23.80
1252.2530	12.89	0.2	40.35	89.29	23.94
1253.2540	9.11	0.1	40.35	90.91	24.40
1254.2550	7.31	0.1	40.36	96.15	24.47
1255.2559	6.17	0.2	40.35	91.74	24.47
1256.2550	6.47	0.1	40.36	91.74	24.40
1257.2559	8.60	0.1	40.35	90.91	24.40
1258.2559	12.89	0.1	40.36	92.59	24.55
1259.2569	11.18	0.1	40.36	90.91	24.71
1260.2569	7.87	0.1	40.35	90.09	24.55
1261.2569	6.89	0.1	40.35	94.34	24.24
1262.2580	8.10	0.1	40.35	88.50	23.94
1263.2590	9.50	0.2	40.35	86.96	23.16
1264.2590	10.00	0.2	40.35	86.21	22.88
1265.2590	11.68	0.2	40.35	86.21	22.82
1266.2600	12.47	0.2	40.35	83.33	22.55
1267.2609	6.50	0.2	40.33	49.26	22.29
1268.2609	-9.38	-0.0	40.42	21.10	21.49
1269.2609	-8.93	-0.0	40.46	0.00	20.97
1270.2619	-8.98	-0.1	40.46	0.00	19.54
1271.2619	-9.15	-0.0	40.46	0.00	17.51
1272.2629	-9.15	-0.0	40.46	0.00	15.90
1273.2629	-9.04	-0.0	40.46	0.00	11.16
1274.2629	-3.97	-0.0	40.46	37.17	8.22
1275.2650	26.52	-0.0	40.46	35.84	9.52
1276.2650	25.24	9.2	37.50	46.73	10.01
1277.2650	15.63	5.6	38.04	59.17	15.06
1278.2650	10.98	2.7	38.94	68.49	18.08
1279.2659	15.24	1.7	39.36	74.07	19.35
1280.2669	14.43	0.6	39.89	77.52	20.80
1281.2669	12.33	0.3	40.09	80.00	21.73
1282.2669	9.64	0.3	40.16	80.00	21.43
1283.2679	9.64	0.2	40.20	81.97	21.79
1284.2690	10.93	0.2	40.23	84.75	22.36
1285.2690	11.35	0.2	40.23	86.21	22.82
1286.2690	10.00	0.2	40.24	84.75	22.82
1287.2690	11.04	0.2	40.26	85.47	22.62
1288.2700	12.83	0.2	40.26	86.21	22.75
1289.2709	11.60	0.2	40.27	82.64	22.42
1290.2709	11.51	0.2	40.24	79.37	21.61
1291.2709	16.16	0.2	40.25	83.33	21.98
1292.2719	16.50	0.2	40.25	83.33	22.23
1293.2729	13.73	0.2	40.27	87.72	22.75
1294.2879	11.68	0.2	40.29	86.96	23.30
1295.2889	11.26	0.2	40.29	90.09	23.58
1296.2900	12.02	0.1	40.29	90.09	23.87
1297.2910	14.01	0.1	40.30	91.74	24.17
1298.2910	15.49	0.1	40.30	90.91	24.24
1299.2910	13.75	0.1	40.31	91.74	24.40
1300.2919	10.17	0.1	40.33	92.59	24.63
1301.2929	8.43	0.1	40.34	94.34	24.87
1302.2929	8.10	0.1	40.34	94.34	25.03
1303.2929	10.67	0.1	40.34	96.15	24.95
1304.2929	15.13	0.1	40.34	94.34	25.52
1305.2939	11.79	0.1	40.35	97.09	25.52
1306.2950	8.10	0.1	40.36	98.04	25.44
1307.2950	7.99	0.1	40.35	94.34	25.44
1308.2950	10.70	0.1	40.35	95.24	25.52
1309.2960	16.39	0.1	40.35	98.04	25.69
1310.2969	14.15	0.1	40.35	97.09	25.95
1311.2969	7.34	0.1	40.35	100.00	26.03
1312.2969	7.87	0.1	40.35	100.00	25.69
1313.2979	10.48	0.1	40.35	98.04	26.03
1314.2979	17.93	0.1	40.36	100.00	26.30
1315.2989	9.86	0.1	40.35	98.04	26.21
1316.2989	7.23	0.1	40.36	97.09	26.21
1317.2989	8.35	0.1	40.35	97.09	26.12
1318.3000	13.00	0.1	40.36	98.04	26.03
1319.3010	12.10	0.1	40.35	97.09	25.95
1320.3010	7.54	0.1	40.36	98.04	25.86
1321.3020	7.48	0.1	40.35	95.24	25.77
1322.3020	10.25	0.1	40.36	94.34	25.77
1323.3020	13.92	0.1	40.35	94.34	25.60
1324.3029	11.71	0.1	40.35	96.15	25.44
1325.3029	8.69	0.1	40.35	96.15	25.27
1326.3039	7.26	0.1	40.35	94.34	25.11
1327.3039	9.16	0.1	40.35	93.46	25.03
1328.3050	15.63	0.1	40.35	93.46	25.11
1329.3050	17.25	0.1	40.35	93.46	24.95
1330.3060	14.03	0.1	40.35	94.34	24.63
1331.3060	12.10	0.1	40.35	93.46	24.32
1332.3070	11.21	0.1	40.35	91.74	24.71
1333.3070	11.60	0.1	40.35	94.34	24.63
1334.3070	14.71	0.1	40.35	97.09	24.95
1335.3079	19.13	0.1	40.34	93.46	24.95
1336.3079	14.51	0.1	40.35	93.46	25.27
1337.3089	10.06	0.1	40.35	98.04	25.35
1338.3089	9.92	0.1	40.35	93.46	25.11
1339.3100	11.21	0.1	40.35	92.59	25.11
1340.3100	14.20	0.1	40.36	95.24	25.69
1341.3120	14.29	0.1	40.39	96.15	25.77
1342.3110	8.27	0.1	40.38	96.15	25.52
1343.3110	6.59	0.1	40.38	94.34	25.77
1344.3120	8.71	0.1	40.39	98.04	25.95
1345.3129	14.57	0.1	40.40	97.09	25.95
1346.3129	11.99	0.1	40.39	97.09	25.77
1347.3129	11.07	0.1	40.37	100.00	25.69
1348.3139	11.09	0.1	40.39	96.15	25.77
1349.3139	13.22	0.1	40.38	94.34	25.52
1350.3160	18.54	0.1	40.37	95.24	25.35
1351.3149	14.03	0.1	40.36	93.46	25.11
1352.3149	10.17	0.1	40.36	96.15	24.95
1353.3160	10.90	0.1	40.36	93.46	24.95
1354.3170	10.65	0.1	40.37	93.46	25.11
1355.3170	13.61	0.1	40.35	93.46	24.87
1356.3170	18.29	0.1	40.35	91.74	24.71
1357.3179	15.74	0.1	40.37	90.09	24.55
1358.3189	13.75	0.1	40.35	90.09	24.17
1359.3199	12.97	0.1	40.35	91.74	24.09
1360.3189	10.93	0.2	40.36	88.50	23.87
1361.3199	13.33	0.2	40.35	86.96	23.44
1362.3199	16.36	0.2	40.35	87.72	23.44
1363.3210	18.96	0.1	40.35	86.96	23.44
1364.3210	20.00	0.2	40.34	86.21	23.09
1365.3210	19.05	0.2	40.34	84.75	22.55
1366.3220	14.06	0.2	40.32	82.64	22.23
1367.3229	20.34	0.2	40.30	82.64	22.04
1368.3229	17.39	0.2	40.30	83.33	22.29
1369.3229	16.75	0.2	40.33	84.03	22.42
1370.3239	13.39	0.2	40.33	86.96	22.88
1371.3249	11.46	0.2	40.34	86.96	23.09
1372.3249	10.31	0.2	40.34	86.21	22.75
1373.3249	13.89	0.2	40.34	85.47	22.49
1374.3260	11.96	0.2	40.32	84.03	22.82
1375.3260	11.26	0.2	40.32	84.03	22.10
1376.3270	11.91	0.2	40.30	81.97	22.23
1377.3270	16.55	0.3	40.28	81.97	21.98
1378.3270	17.53	0.2	40.29	79.37	21.49
1379.3289	19.19	0.3	40.28	81.30	21.08
1380.3289	18.15	0.3	40.28	79.37	21.31
1381.3289	17.98	0.3	40.27	80.00	21.55
1382.3289	17.48	0.3	40.28	79.37	21.37
1383.3299	16.95	0.3	40.26	80.65	21.25
1384.3310	17.48	0.3	40.25	80.00	21.31
1385.3310	19.80	0.2	40.29	83.33	22.04
1386.3310	14.85	0.2	40.31	84.75	22.62
1387.3320	14.31	0.2	40.33	84.75	22.88
1388.3330	13.73	0.2	40.34	86.21	23.16
1389.3330	13.31	0.2	40.34	87.72	23.23
1390.3330	11.77	0.2	40.35	89.29	23.72
1391.3330	8.35	0.2	40.35	89.29	23.94
1392.3339	7.79	0.2	40.34	89.29	23.87
1393.3349	7.65	0.1	40.35	90.91	24.09
1394.3349	6.19	0.1	40.35	88.50	24.17
1395.3349	6.25	0.2	40.35	91.74	24.24
1396.3360	11.60	0.1	40.35	92.59	24.63
1397.3370	15.41	0.1	40.35	93.46	24.95
1398.3370	10.25	0.1	40.37	94.34	25.11
1399.3370	8.63	0.1	40.37	96.15	25.44
1400.3380	6.64	0.1	40.37	97.09	25.60
1401.3380	7.87	0.1	40.38	94.34	25.44
1402.3389	13.14	0.1	40.37	94.34	25.11
1403.3389	12.05	0.1	40.37	93.46	24.87
1404.3389	10.00	0.1	40.36	93.46	24.87
1405.3399	7.45	0.1	40.35	93.46	24.47
1406.3409	6.22	0.1	40.35	90.09	24.24
1407.3409	6.61	0.1	40.35	89.29	23.87
1408.3420	-8.79	-0.0	40.40	0.00	23.30
1409.3420	-9.88	-0.0	40.46	0.00	22.29
1410.3420	-9.77	-0.0	40.46	0.00	21.98
1411.3430	-9.10	-0.0	40.46	0.00	21.20
1412.3430	-9.71	-0.0	40.46	0.00	21.02
1413.3439	8.57	-0.0	40.46	76.34	20.42
1414.3439	20.00	0.3	40.35	79.37	20.91
1415.3449	18.18	0.3	40.32	82.64	22.10
1416.3449	12.91	0.2	40.34	84.03	22.68
1417.3459	11.54	0.2	40.34	86.21	22.75
1418.3459	10.87	0.2	40.35	90.09	23.65
1419.3470	10.90	0.2	40.35	89.29	23.65
1420.3470	10.90	0.2	40.35	90.09	23.94
1421.3470	13.59	0.1	40.35	90.91	24.24
1422.3480	15.46	0.1	40.35	89.29	24.17
1423.3480	16.95	0.2	40.36	89.29	23.80
1424.3489	12.33	0.2	40.36	87.72	23.94
1425.3489	9.33	0.2	40.35	89.29	23.51
1426.3499	10.03	0.2	40.35	87.72	23.37
1427.3499	8.69	0.1	40.35	90.09	23.44
1428.3520	11.88	0.2	40.36	89.29	23.94
1429.3509	10.00	0.2	40.35	89.29	23.65
1430.3509	11.49	0.1	40.35	86.21	23.65
1431.3520	13.25	0.2	40.35	90.09	23.72
1432.3530	14.34	0.1	40.36	90.91	24.24
1433.3530	11.07	0.1	40.35	86.21	23.94
1434.3530	10.17	0.1	40.35	88.50	23.80
1435.3540	12.07	0.2	40.34	88.50	23.37
1436.3540	12.02	0.2	40.35	84.75	22.82
1437.3559	13.67	0.2	40.32	82.64	22.29
1438.3549	13.17	0.2	40.34	84.03	22.42
1439.3549	14.54	0.2	40.34	84.75	22.36
1440.3559	15.52	0.2	40.35	84.03	22.36
1441.3570	17.51	0.2	40.34	86.21	22.62
1442.3570	18.96	0.2	40.35	86.96	23.30
1443.3570	20.36	0.2	40.35	89.29	23.80
1444.3580	17.17	0.2	40.35	90.91	23.80
1445.3590	9.92	0.2	40.36	88.50	23.72
1446.3599	10.06	0.2	40.35	86.96	23.65
1447.3590	11.15	0.2	40.35	86.96	23.23
1448.3599	11.43	0.2	40.34	90.09	22.88
1449.3599	12.72	0.2	40.35	86.21	23.02
1450.3609	11.96	0.2	40.34	85.47	22.88
1451.3609	13.47	0.2	40.33	84.03	22.62
1452.3609	12.83	0.2	40.34	82.64	22.10
1453.3620	13.39	0.2	40.32	82.64	22.10
1454.3630	13.95	0.3	40.30	79.37	21.20
1455.3630	15.83	0.6	40.20	77.52	20.58
1456.3630	18.71	0.7	40.10	76.92	20.26
1457.3640	21.48	0.7	40.06	76.92	20.31
1458.3649	20.73	0.4	40.15	78.12	21.02
1459.3649	19.86	0.3	40.23	80.00	21.31
1460.3649	18.74	0.2	40.28	83.33	21.92
1461.3659	16.39	0.2	40.30	84.03	22.55
1462.3659	14.68	0.2	40.32	84.75	22.88
1463.3669	17.20	0.2	40.34	86.21	23.09
1464.3669	16.64	0.2	40.32	84.75	22.82
1465.3669	18.60	0.2	40.33	85.47	22.75
1466.3690	16.58	0.2	40.35	86.96	23.44
1467.3690	15.57	0.2	40.35	89.29	24.24
1468.3690	12.30	0.1	40.35	91.74	24.71
1469.3690	11.37	0.1	40.36	96.15	25.52
1470.3699	9.53	0.1	40.37	97.09	25.60
1471.3709	16.11	0.1	40.40	97.09	25.77
1472.3709	16.81	0.1	40.39	96.15	25.69
1473.3709	13.25	0.1	40.39	98.04	25.77
1474.3719	9.05	0.1	40.39	96.15	25.69
1475.3730	11.91	0.1	40.40	96.15	25.60
1476.3730	16.11	0.1	40.39	95.24	25.35
1477.3730	14.43	0.1	40.39	93.46	25.27
1478.3730	10.95	0.1	40.37	90.91	24.71
1479.3740	11.51	0.1	40.37	94.34	24.95
1480.3750	10.34	0.1	40.36	92.59	24.63
1481.3750	11.15	0.1	40.36	92.59	24.55
1482.3750	15.04	0.1	40.37	92.59	24.79
1483.3759	14.71	0.1	40.36	91.74	24.40
1484.3769	12.66	0.1	40.35	90.09	24.17
1485.3769	13.05	0.2	40.35	89.29	24.09
1486.3769	10.76	0.1	40.35	90.09	24.32
1487.3780	10.65	0.1	40.35	90.91	24.24
1488.3780	13.87	0.1	40.35	91.74	24.32
1489.3790	15.99	0.2	40.35	91.74	24.32
1490.3790	17.42	0.1	40.36	90.91	24.24
1491.3790	13.36	0.2	40.35	90.09	24.09
1492.3800	11.01	0.2	40.35	87.72	23.72
1493.3809	12.21	0.2	40.35	90.91	23.51
1494.3809	13.50	0.2	40.35	89.29	23.51
1495.3819	12.58	0.2	40.34	85.47	23.16
1496.3819	13.67	0.2	40.34	84.75	22.68
1497.3819	16.75	0.2	40.35	84.03	22.68
1498.3830	14.31	0.2	40.33	83.33	22.17
1499.3830	15.74	0.3	40.31	83.33	21.92
1500.3840	16.19	0.3	40.31	81.97	21.92
1501.3840	19.89	0.3	40.30	81.30	22.04
1502.3850	21.09	0.2	40.31	84.75	22.23
1503.3850	18.32	0.2	40.31	81.30	22.42
1504.3859	19.52	0.2	40.32	84.03	22.17
1505.3859	21.88	0.2	40.32	84.03	22.62
1506.3869	18.99	0.2	40.33	82.64	22.42
1507.3869	21.04	0.3	40.31	82.64	21.98
1508.3869	21.06	0.2	40.31	83.33	21.92
1509.3879	20.14	0.2	40.32	84.03	22.36
1510.3879	18.01	0.2	40.33	85.47	22.88
1511.3890	15.15	0.2	40.34	87.72	23.51
1512.3890	14.26	0.2	40.35	90.91	23.80
1513.3900	15.32	0.2	40.35	89.29	24.17
1514.3900	13.67	0.1	40.34	90.09	24.24
1515.3919	14.51	0.2	40.35	92.59	23.87
1516.3909	19.75	0.2	40.36	91.74	24.02
1517.3909	16.22	0.1	40.35	91.74	24.09
1518.3919	13.67	0.2	40.35	90.09	24.09
1519.3929	12.83	0.2	40.35	88.50	23.87
1520.3929	10.06	0.2	40.35	90.09	23.72
1521.3929	10.11	0.2	40.35	86.96	23.44
1522.3940	12.77	0.2	40.35	86.96	23.23
1523.3940	15.21	0.2	40.35	86.96	23.23
1524.3959	14.43	0.2	40.35	85.47	23.02
1525.3950	15.13	0.2	40.35	85.47	23.02
1526.3950	15.52	0.2	40.35	84.75	22.75
1527.3959	15.52	0.2	40.34	82.64	22.55
1528.3969	19.89	0.3	40.29	81.97	21.92
1529.3969	18.26	0.3	40.29	81.30	21.98
1530.3969	19.33	0.2	40.30	81.30	21.79
1531.3979	19.27	0.2	40.31	81.97	21.98
1532.3990	17.84	0.2	40.31	82.64	22.10
1533.4000	18.57	0.2	40.31	82.64	22.04
1534.3990	18.96	0.3	40.30	81.97	21.79
1535.4000	20.42	0.3	40.29	81.30	21.49
1536.4000	20.90	0.3	40.28	81.30	21.67
1537.4010	19.05	0.2	40.29	81.97	21.73
1538.4010	13.36	0.2	40.30	81.30	21.67
1539.4010	14.51	0.3	40.30	81.97	21.67
1540.4019	15.66	0.2	40.29	80.65	21.79
1541.4029	11.21	0.3	40.28	80.65	21.67
1542.4029	20.70	0.3	40.28	81.30	21.67
1543.4029	22.46	0.3	40.28	85.47	21.79
1544.4040	14.40	0.2	40.31	85.47	22.49
1545.4050	7.90	0.2	40.31	83.33	22.49
1546.4050	5.07	0.3	40.30	80.00	21.92
1547.4050	-10.27	0.1	40.35	0.00	21.02
1548.4060	23.00	-0.0	40.43	70.92	19.20
1549.4060	34.50	0.5	40.28	75.76	20.58
1550.4069	21.34	0.3	40.28	81.97	21.73
1551.4069	18.37	0.3	40.31	83.33	22.36
1552.4069	18.43	0.2	40.31	83.33	22.75
1553.4090	12.89	0.2	40.31	81.97	22.49
1554.4090	7.51	0.3	40.30	81.30	21.43
1555.4090	19.36	0.3	40.28	80.65	21.55
1556.4090	33.30	0.2	40.27	81.97	22.04
1557.4100	29.21	0.2	40.31	84.75	22.95
1558.4110	24.20	0.2	40.33	90.09	23.80
1559.4110	22.16	0.1	40.35	90.91	24.32
1560.4110	20.84	0.1	40.35	94.34	24.32
1561.4119	20.73	0.2	40.36	92.59	24.40
1562.4129	27.25	0.1	40.35	93.46	24.63
1563.4129	28.43	0.1	40.37	92.59	25.60
1564.4129	20.22	0.1	40.37	95.24	25.52
1565.4129	16.67	0.1	40.38	98.04	25.77
1566.4139	14.79	0.1	40.37	93.46	25.03
1567.4150	17.81	0.1	40.37	93.46	24.79
1568.4150	19.38	0.1	40.37	96.15	25.11
1569.4150	13.70	0.1	40.37	94.34	25.03
1570.4160	12.69	0.1	40.36	94.34	25.19
1571.4169	13.42	0.1	40.36	89.29	24.17
1572.4169	16.50	0.2	40.35	85.47	23.51
1573.4169	19.75	0.2	40.34	84.75	22.49
1574.4179	22.41	0.2	40.34	84.75	22.17
1575.4179	20.70	0.3	40.32	83.33	21.98
1576.4189	16.97	0.3	40.26	79.37	21.20
1577.4189	16.58	0.8	40.10	76.92	20.36
1578.4189	15.97	1.0	39.93	76.34	19.84
1579.4200	15.83	1.4	39.78	72.99	19.69
1580.4210	-6.88	0.7	39.94	0.00	18.08
1581.4210	-7.89	-0.0	40.34	0.00	15.96
1582.4219	-8.40	-0.0	40.41	0.00	13.95
1583.4219	8.99	-0.0	40.41	52.63	13.66
1584.4219	28.40	2.5	39.62	58.48	14.75
1585.4229	36.47	2.8	39.04	71.94	18.60
1586.4229	26.80	0.8	39.77	79.37	19.99
1587.4239	19.66	0.3	40.13	83.33	21.61
1588.4239	19.22	0.2	40.22	86.21	22.62
1589.4250	15.77	0.2	40.28	84.03	23.16
1590.4250	14.96	0.2	40.29	90.09	23.87
1591.4260	14.43	0.1	40.31	92.59	24.09
1592.4260	18.77	0.1	40.32	94.34	24.87
1593.4270	16.25	0.1	40.34	95.24	25.35
1594.4270	10.48	0.1	40.34	95.24	25.69
1595.4270	10.42	0.1	40.35	98.04	25.52
1596.4279	13.03	0.1	40.35	95.24	25.27
1597.4279	18.40	0.1	40.35	94.34	25.11
1598.4289	17.45	0.1	40.34	93.46	25.27
1599.4289	11.21	0.1	40.34	96.15	25.44
1600.4300	8.29	0.1	40.35	97.09	25.35
1601.4300	9.97	0.1	40.35	92.59	24.71
1602.4320	16.02	0.1	40.35	93.46	25.11
1603.4310	19.08	0.1	40.34	94.34	25.03
1604.4310	14.73	0.1	40.35	92.59	24.87
1605.4320	12.52	0.1	40.35	90.91	24.55
1606.4329	11.51	0.1	40.35	92.59	24.32
1607.4329	9.61	0.2	40.35	90.09	24.24
1608.4329	11.65	0.1	40.35	90.91	24.17
1609.4339	15.55	0.1	40.34	89.29	24.02
1610.4339	18.18	0.1	40.35	90.91	24.02
1611.4360	15.15	0.1	40.35	90.09	24.09
1612.4350	12.44	0.1	40.34	90.09	24.02
1613.4350	12.27	0.2	40.34	86.96	23.72
1614.4360	10.59	0.2	40.34	89.29	23.51
1615.4370	11.65	0.2	40.35	86.96	23.37
1616.4370	11.57	0.2	40.34	87.72	23.51
1617.4370	14.26	0.2	40.34	87.72	23.44
1618.4379	17.09	0.2	40.35	87.72	23.51
1619.4389	19.13	0.2	40.34	88.50	23.72
1620.4399	16.50	0.1	40.34	90.09	24.09
1621.4389	11.29	0.1	40.35	90.91	24.24
1622.4399	9.41	0.1	40.35	92.59	24.32
1623.4399	7.54	0.1	40.35	90.91	24.40
1624.4410	8.91	0.1	40.34	90.91	24.40
1625.4410	11.35	0.1	40.35	91.74	24.47
1626.4410	14.43	0.1	40.35	92.59	24.40
1627.4420	12.41	0.1	40.35	90.91	24.32
1628.4429	8.97	0.1	40.35	90.91	24.32
1629.4429	5.13	0.1	40.35	93.46	24.47
1630.4429	5.44	0.1	40.35	91.74	24.55
1631.4439	10.17	0.1	40.35	90.91	24.02
1632.4449	8.80	0.1	40.35	90.09	24.40
1633.4449	11.21	0.1	40.36	90.09	24.47
1634.4449	11.46	0.1	40.35	91.74	24.55
1635.4460	-5.23	0.1	40.36	35.21	24.95
1636.4460	-9.46	-0.1	40.41	0.00	24.24
1637.4470	-9.68	-0.0	40.46	0.00	24.02
1638.4470	-11.42	-0.0	40.46	0.00	23.87
1639.4470	-11.50	-0.0	40.46	0.00	23.09
1640.4489	8.43	-0.0	40.46	84.75	22.49
1641.4489	11.60	0.1	40.40	90.09	23.16
1642.4489	9.39	0.2	40.35	87.72	23.51
1643.4489	9.05	0.1	40.35	89.29	23.58
1644.4499	9.02	0.2	40.35	87.72	23.72
1645.4510	9.50	0.1	40.35	89.29	23.65
1646.4510	11.99	0.2	40.35	90.09	23.72
1647.4510	12.63	0.1	40.35	88.50	23.80
1648.4520	9.83	0.1	40.35	89.29	23.87
1649.4530	9.72	0.2	40.34	88.50	23.80
1650.4530	8.80	0.1	40.35	90.09	24.02
1651.4530	9.05	0.1	40.35	89.29	23.87
1652.4530	7.03	0.2	40.34	89.29	23.94
1653.4539	9.19	0.1	40.35	90.91	24.02
1654.4549	11.37	0.1	40.35	90.91	24.24
1655.4549	13.14	0.1	40.34	90.91	24.47
1656.4549	10.79	0.1	40.35	91.74	24.32
1657.4560	10.59	0.1	40.36	90.91	24.24
1658.4570	7.71	0.1	40.36	92.59	24.32
1659.4570	6.39	0.1	40.35	91.74	24.55
1660.4570	8.27	0.1	40.36	95.24	24.71
1661.4580	11.74	0.1	40.37	92.59	24.95
1662.4580	10.34	0.1	40.37	94.34	25.19
1663.4589	7.03	0.1	40.37	94.34	25.27
1664.4589	5.69	0.1	40.37	94.34	25.60
1665.4589	7.17	0.1	40.36	95.24	25.27
1666.4599	11.93	0.1	40.38	93.46	25.52
1667.4610	13.11	0.1	40.39	95.24	25.27
1668.4610	10.14	0.1	40.40	95.24	25.52
1669.4620	6.78	0.1	40.38	98.04	25.60
1670.4620	5.86	0.1	40.38	95.24	25.52
1671.4620	8.07	0.1	40.39	96.15	25.86
1672.4630	10.53	0.1	40.39	95.24	25.44
1673.4630	-6.02	0.1	40.38	39.68	25.44
1674.4639	-9.60	-0.1	40.45	0.00	24.87
1675.4639	-9.88	-0.1	40.46	0.00	24.47
1676.4649	-10.10	-0.0	40.46	0.00	24.17
1677.4649	-10.38	-0.0	40.46	0.00	23.72
1678.4659	-10.86	-0.0	40.46	0.00	23.30
1679.4659	-10.78	-0.0	40.46	0.00	22.68
1680.4670	-11.48	-0.1	40.46	0.00	22.10
1681.4670	8.99	0.0	40.45	82.64	21.92
1682.4670	9.86	0.3	40.34	82.64	21.92
1683.4680	9.92	0.2	40.34	84.03	22.23
1684.4680	10.93	0.2	40.35	84.75	22.49
1685.4840	9.53	0.2	40.34	85.47	22.62
1686.4859	6.61	0.2	40.34	54.35	22.88
1687.4859	-9.29	-0.0	40.41	0.00	22.55
1688.4859	-8.65	-0.1	40.46	0.00	22.04
1689.4870	-8.73	-0.1	40.46	0.00	21.37
1690.4870	-8.65	-0.1	40.46	0.00	21.02
1691.4880	-8.68	-0.0	40.46	0.00	20.58
1692.4880	12.19	-0.0	40.46	76.34	20.31
1693.4890	13.28	0.4	40.29	76.92	20.52
1694.4890	12.83	0.4	40.22	78.74	20.74
1695.4899	11.40	0.4	40.21	78.74	20.97
1696.4899	12.16	0.3	40.27	80.65	21.61
1697.4909	11.82	0.2	40.30	82.64	21.67
1698.4909	11.54	0.3	40.30	81.97	22.17
1699.4909	10.28	0.2	40.31	84.75	22.17
1700.4919	11.04	0.2	40.32	84.75	22.29
1701.4919	9.81	0.2	40.31	84.75	21.79
1702.4930	11.77	0.2	40.29	84.03	22.10
1703.4930	10.70	0.2	40.31	84.03	22.29
1704.4940	10.23	0.2	40.33	85.47	22.82
1705.4940	10.51	0.2	40.34	86.21	23.09
1706.4959	9.19	0.2	40.34	84.75	23.02
1707.4949	10.87	0.2	40.33	86.21	22.62
1708.4949	13.39	0.2	40.34	84.03	22.55
1709.4959	12.35	0.2	40.31	83.33	22.36
1710.4969	1.85	0.2	40.33	53.19	22.23
1711.4969	-8.12	-0.0	40.40	23.15	21.49
1712.4969	-7.81	-0.1	40.46	0.00	20.91
1713.4980	-8.26	-0.0	40.46	0.00	20.52
1714.4980	-8.14	-0.0	40.46	0.00	20.31
1715.5000	-7.95	-0.1	40.46	0.00	19.64
1716.4990	-8.14	-0.0	40.46	0.00	19.11
1717.4990	-8.06	-0.0	40.46	0.00	19.16
1718.5000	-8.14	-0.1	40.46	0.00	18.74
1719.5009	-7.16	-0.0	40.46	0.00	16.13
1720.5009	-9.77	-0.0	40.46	0.00	15.27
1721.5009	23.16	0.1	40.45	58.48	15.21
1722.5019	5.30	4.9	38.72	63.29	16.51
1723.5030	13.11	1.7	39.28	0.00	17.32
1724.5040	13.42	-0.0	40.21	0.00	15.70
1725.5030	13.56	-0.0	40.36	0.00	12.22
1726.5040	13.56	-0.0	40.41	0.00	11.58
1727.5040	13.42	-0.0	40.41	0.00	9.93
1728.5050	13.50	-0.0	40.41	0.00	7.24
1729.5050	7.65	-0.0	40.43	0.00	5.55
1730.5050	4.60	-0.1	40.46	27.03	5.55
1731.5059	49.07	6.5	38.38	36.76	8.88
1732.5069	4.15	4.4	38.29	45.45	11.31
1733.5069	22.52	2.5	38.94	53.48	13.88
1734.5069	6.98	1.9	39.31	57.47	15.15
1735.5080	5.27	0.8	39.72	59.52	15.96
1736.5090	-8.56	0.2	40.06	0.00	15.87
1737.5090	-8.90	-0.0	40.27	0.00	15.36
1738.5090	-8.84	-0.0	40.34	0.00	14.86
1739.5100	-8.23	-0.0	40.35	0.00	14.50
1740.5100	-8.59	-0.0	40.35	0.00	14.45
1741.5109	-8.31	-0.0	40.35	0.00	14.58
1742.5109	-8.56	-0.1	40.37	0.00	13.95
1743.5109	-8.00	-0.0	40.40	0.00	11.90
1744.5129	-7.36	-0.1	40.41	0.00	10.28
1745.5129	7.82	-0.0	40.41	0.00	9.67
1746.5129	32.96	4.0	39.11	40.16	10.46
1747.5129	-8.12	5.3	37.98	0.00	11.46
1748.5140	-7.89	-0.1	39.87	0.00	12.26
1749.5150	-7.98	-0.1	40.21	0.00	12.57
1750.5150	-7.53	-0.1	40.29	0.00	11.83
1751.5150	-8.23	-0.0	40.34	0.00	11.43
1752.5159	-8.40	-0.1	40.35	0.00	11.28
1753.5169	-7.95	-0.0	40.35	0.00	10.72
1754.5169	-7.84	-0.0	40.35	0.00	9.58
1755.5169	-8.48	-0.1	40.35	0.00	8.70
1756.5169	-6.60	-0.0	40.36	34.60	8.24
1757.5179	0.45	1.0	40.20	33.78	8.85
1758.5190	-7.08	2.9	38.80	0.00	9.16
1759.5190	-1.79	-0.0	40.17	0.00	7.55
1760.5190	2.44	-0.1	40.31	0.00	7.55
1761.5200	0.73	-0.1	40.35	0.00	0.00
1762.5209	0.90	-0.1	40.35	0.00	0.00
1763.5209	1.21	-0.1	40.35	0.00	0.00
1764.5209	1.26	-0.1	40.35	0.00	0.00
1765.5219	1.52	-0.1	40.38	0.00	0.00
1766.5219	1.66	-0.1	40.40	0.00	0.00
1767.5229	1.63	-0.0	40.41	0.00	0.00
1768.5229	1.71	-0.1	40.41	0.00	0.00
1769.5229	1.66	-0.1	40.41	0.00	0.00
1770.5240	1.68	-0.1	40.41	0.00	0.00
