Time	Torque	Current	Voltage	Cadans	Speed
6.4970	17.95	0.2	40.38	74.07	19.99
7.4970	18.26	0.2	40.39	74.63	19.94
8.4980	17.53	0.2	40.39	72.99	19.44
9.4990	15.88	0.2	40.38	71.94	19.64
10.4990	12.47	0.2	40.37	69.44	19.25
11.4990	11.68	0.2	40.36	71.43	18.92
12.5000	16.81	0.2	40.35	69.44	18.69
13.5010	22.18	0.3	40.34	68.97	18.13
14.5010	25.18	0.3	40.32	67.57	17.96
15.5010	27.73	0.3	40.32	65.79	17.59
16.5020	19.58	0.4	40.26	64.94	17.32
17.5020	11.63	0.4	40.28	65.36	17.59
18.5030	21.18	0.4	40.28	65.79	17.32
19.5030	26.72	0.3	40.27	67.57	17.43
20.5030	22.46	0.3	40.28	66.23	17.75
21.5050	21.23	0.3	40.32	67.11	17.92
22.5050	15.49	0.3	40.31	66.23	17.96
23.5050	10.81	0.3	40.30	65.79	17.75
24.5050	19.86	0.4	40.26	62.50	16.94
25.5060	25.63	0.7	40.15	63.69	16.72
26.5070	26.86	0.5	40.14	62.11	16.65
27.5070	17.23	0.5	40.16	62.89	16.76
28.5070	11.60	0.4	40.19	64.10	17.32
29.5080	24.56	0.4	40.22	64.10	17.13
30.5090	25.18	0.3	40.27	66.23	17.55
31.5090	26.55	0.3	40.27	66.67	17.32
32.5090	20.62	0.4	40.26	64.10	17.43
33.5090	12.38	0.3	40.26	64.10	17.39
34.5100	22.07	0.3	40.25	67.11	17.39
35.5110	26.61	0.3	40.26	67.11	17.71
36.5110	24.40	0.3	40.29	66.67	18.08
37.5110	22.74	0.2	40.28	67.11	17.75
38.5120	15.41	0.3	40.29	66.23	17.96
39.5130	9.16	0.3	40.30	67.57	17.88
40.5130	13.67	0.3	40.32	69.93	18.52
41.5130	20.06	0.2	40.32	69.93	18.74
42.5140	20.70	0.3	40.32	69.93	18.74
43.5140	20.70	0.2	40.33	70.92	18.78
44.5150	21.46	0.2	40.32	68.49	18.69
45.5150	20.31	0.2	40.33	66.23	17.83
46.5150	12.66	0.3	40.29	66.67	17.88
47.5160	19.08	0.3	40.29	66.67	17.63
48.5170	27.67	0.2	40.29	67.11	17.92
49.5170	24.62	0.3	40.28	66.23	17.79
50.5180	26.02	0.5	40.24	62.50	16.83
51.5180	17.53	0.9	40.06	60.61	16.51
52.5180	15.97	0.7	40.01	62.11	16.33
53.5190	30.14	0.6	40.07	62.11	16.72
54.5190	27.87	0.4	40.16	64.10	17.16
55.5200	23.56	0.4	40.21	64.94	17.32
56.5200	8.43	0.4	40.23	65.36	17.59
57.5210	5.80	0.4	40.22	71.94	17.28
58.5210	18.35	0.5	40.18	71.43	17.09
59.5220	20.03	0.3	40.24	74.07	17.59
60.5220	19.24	0.3	40.28	75.19	17.96
61.5230	20.76	0.3	40.25	77.52	18.25
62.5230	18.46	0.3	40.29	76.92	18.17
63.5230	18.68	0.3	40.27	76.34	17.88
64.5240	19.47	0.2	40.30	76.92	18.30
65.5240	17.76	0.2	40.28	76.34	18.30
66.5250	15.88	0.3	40.30	76.92	18.13
67.5250	17.65	0.3	40.30	74.63	17.96
68.5260	17.28	0.3	40.26	71.43	17.24
69.5260	17.39	0.5	40.19	71.94	17.09
70.5280	12.52	0.6	40.16	70.92	16.87
71.5270	12.05	0.8	40.05	67.11	16.37
72.5270	20.06	1.2	39.81	67.57	15.90
73.5280	24.45	1.5	39.67	66.67	15.67
74.5290	24.59	1.5	39.58	64.94	15.45
75.5290	19.92	1.5	39.55	66.23	15.39
76.5290	9.25	1.1	39.69	67.11	15.74
77.5300	9.50	0.8	39.85	68.03	16.23
78.5300	15.69	1.0	39.81	67.57	16.20
79.5320	23.42	0.9	39.86	70.42	16.37
80.5310	19.33	0.5	40.03	70.92	16.83
81.5310	17.79	0.4	40.09	71.43	16.87
82.5320	18.43	0.4	40.11	71.94	16.87
83.5330	16.02	0.5	40.12	69.93	17.01
84.5330	11.79	0.7	40.08	70.42	16.79
85.5330	12.05	0.5	40.08	71.94	16.90
86.5340	16.41	0.4	40.15	74.07	16.98
87.5350	17.37	0.4	40.17	74.07	17.24
88.5360	16.16	0.3	40.17	72.46	17.20
89.5350	-7.42	0.1	40.27	0.00	16.51
90.5360	-0.50	-0.0	40.39	0.00	16.51
91.5360	0.14	-0.0	40.41	0.00	0.00
92.5370	0.06	-0.0	40.46	0.00	0.00
93.5370	-0.25	-0.0	40.46	21.10	0.00
94.5370	0.65	-0.0	40.46	24.27	0.00
95.5380	2.39	-0.0	40.46	22.68	5.64
96.5390	-0.02	-0.0	40.46	0.00	5.64
97.5390	0.14	-0.1	40.46	0.00	0.00
98.5390	0.14	-0.0	40.46	0.00	0.00
99.5400	0.14	-0.0	40.46	0.00	0.00
100.5410	0.09	-0.0	40.46	0.00	0.00
101.5410	0.14	-0.0	40.46	0.00	0.00
102.5410	0.17	-0.0	40.46	0.00	0.00
103.5420	0.23	-0.0	40.46	0.00	0.00
104.5420	0.17	-0.0	40.46	0.00	0.00
105.5430	0.14	-0.0	40.46	0.00	0.00
106.5430	0.26	-0.0	40.46	0.00	0.00
107.5430	0.28	-0.0	40.47	0.00	0.00
108.5450	0.23	-0.0	40.47	0.00	0.00
109.5450	0.23	-0.0	40.47	0.00	0.00
110.5450	0.31	-0.0	40.48	0.00	0.00
111.5450	0.26	-0.0	40.49	0.00	0.00
112.5460	0.26	-0.0	40.51	0.00	0.00
113.5470	0.34	-0.0	40.51	0.00	0.00
114.5470	0.31	-0.0	40.52	0.00	0.00
115.5470	0.34	-0.0	40.52	0.00	0.00
116.5480	0.28	-0.0	40.52	0.00	0.00
117.5490	0.28	-0.0	40.52	0.00	0.00
118.5490	0.26	-0.0	40.52	0.00	0.00
119.5490	0.31	-0.0	40.52	0.00	0.00
120.5490	0.26	-0.0	40.52	0.00	0.00
121.5500	0.28	-0.1	40.52	0.00	0.00
122.5510	0.31	-0.0	40.52	0.00	0.00
123.5510	0.28	-0.0	40.52	0.00	0.00
124.5510	0.34	-0.0	40.52	0.00	0.00
125.5520	0.28	-0.0	40.52	0.00	0.00
126.5530	0.31	-0.1	40.52	0.00	0.00
127.5530	0.23	-0.0	40.52	0.00	0.00
128.5530	0.23	-0.0	40.52	0.00	0.00
129.5540	0.26	-0.1	40.52	0.00	0.00
130.5540	0.31	-0.1	40.52	0.00	0.00
131.5550	0.34	-0.0	40.52	0.00	0.00
132.5550	0.26	-0.1	40.52	0.00	0.00
133.5550	0.26	-0.0	40.52	0.00	0.00
134.5560	1.01	-0.1	40.52	0.00	0.00
135.5570	0.62	-0.0	40.52	0.00	0.00
136.5570	0.79	-0.1	40.52	0.00	0.00
137.5580	3.11	-0.1	40.52	0.00	0.00
138.5580	1.91	-0.0	40.52	0.00	0.00
139.5580	6.03	-0.0	40.52	0.00	5.35
140.5590	41.17	-0.1	40.52	21.41	5.35
141.5590	7.03	4.8	38.97	26.74	5.15
142.5600	9.53	9.8	36.66	40.32	6.54
143.5600	25.80	5.2	37.85	52.36	11.83
144.5610	26.30	2.9	38.68	56.50	12.84
145.5610	11.35	2.4	38.95	60.98	13.76
146.5620	12.24	1.9	39.17	63.69	14.81
147.5620	23.58	1.7	39.33	63.29	15.21
148.5630	22.52	1.6	39.37	64.94	15.30
149.5630	21.18	1.4	39.47	65.36	15.61
150.5630	12.30	1.2	39.55	66.23	15.80
151.5640	9.39	1.0	39.69	68.49	15.80
152.5640	15.91	0.8	39.78	68.49	16.16
153.5650	18.43	0.9	39.78	68.97	16.16
154.5650	21.04	0.7	39.89	70.42	16.51
155.5660	17.53	1.2	39.76	65.79	15.83
156.5660	17.87	1.2	39.64	65.79	15.61
157.5680	8.15	1.6	39.49	64.94	15.42
158.5670	12.49	1.7	39.39	63.69	15.15
159.5670	22.52	1.9	39.30	64.94	15.18
160.5680	19.19	1.6	39.40	64.52	15.42
161.5690	19.75	1.7	39.37	64.10	15.27
162.5690	9.47	1.8	39.33	63.69	15.58
163.5690	12.72	1.6	39.37	64.94	15.24
164.5700	23.84	1.2	39.51	66.23	15.67
165.5700	21.40	0.9	39.66	68.49	16.13
166.5720	18.85	0.9	39.73	67.11	16.03
167.5710	17.06	1.1	39.65	67.11	15.83
168.5710	10.28	1.1	39.63	66.23	15.90
169.5720	12.86	1.2	39.65	66.67	15.90
170.5730	22.10	1.5	39.51	64.94	15.52
171.5730	24.96	1.7	39.40	65.36	15.30
172.5730	24.06	1.5	39.42	64.10	15.21
173.5740	17.62	1.6	39.40	65.36	15.49
174.5750	9.67	1.5	39.38	64.94	15.42
175.5760	21.82	1.5	39.37	64.52	15.30
176.5750	25.77	1.7	39.32	64.52	15.30
177.5760	24.42	1.5	39.40	65.79	15.52
178.5760	20.34	1.3	39.48	65.36	15.64
179.5770	11.04	1.3	39.54	65.36	15.77
180.5770	13.81	1.0	39.60	67.57	15.90
181.5770	20.98	1.1	39.60	66.23	15.93
182.5780	21.65	1.0	39.64	68.49	16.00
183.5790	19.83	0.9	39.69	66.67	15.96
184.5790	17.11	0.8	39.73	67.11	16.23
185.5790	12.10	1.2	39.64	67.11	15.96
186.5800	11.49	0.8	39.71	69.44	16.03
187.5810	18.46	0.7	39.80	70.92	16.40
188.5810	18.32	0.9	39.76	68.97	16.26
189.5810	20.84	1.0	39.69	67.57	15.87
190.5820	23.42	1.1	39.61	65.79	15.93
191.5820	15.32	1.3	39.53	65.79	15.80
192.5830	8.63	1.7	39.37	63.69	15.18
193.5830	22.49	2.2	39.15	61.73	14.78
194.5830	28.57	2.3	39.10	61.73	14.72
195.5850	16.58	2.9	38.86	58.82	13.98
196.5850	9.27	2.9	38.78	60.98	14.23
197.5850	22.10	3.1	38.80	57.47	13.73
198.5850	26.64	4.0	38.36	52.63	13.26
199.5860	-2.38	4.4	38.10	32.26	12.45
200.5870	42.21	0.1	39.58	39.06	10.57
201.5870	0.42	9.3	37.06	40.82	9.12
202.5870	1.80	-0.0	39.39	0.00	9.58
203.5880	0.98	-0.0	39.90	0.00	9.58
204.5890	2.36	-0.0	40.03	0.00	0.00
205.5890	1.29	-0.1	40.07	0.00	0.00
206.5890	1.60	-0.0	40.12	0.00	0.00
207.5890	1.54	-0.0	40.12	0.00	0.00
208.5900	2.86	-0.0	40.14	0.00	4.31
209.5910	1.85	-0.0	40.18	0.00	4.31
210.5910	1.35	-0.0	40.18	0.00	0.00
211.5910	2.30	-0.1	40.18	0.00	0.00
212.5920	0.87	-0.1	40.18	0.00	0.00
213.5930	0.40	-0.1	40.18	0.00	0.00
214.5930	1.54	-0.0	40.21	0.00	0.00
215.5930	1.40	-0.1	40.23	0.00	0.00
216.5940	3.09	-0.0	40.24	0.00	0.00
217.5940	38.85	-0.0	40.24	0.00	0.00
218.5950	54.50	-0.1	40.24	0.00	4.04
219.5950	6.50	7.4	37.88	21.51	4.48
220.5950	2.13	10.0	36.46	24.75	7.07
221.5960	28.60	-0.1	39.42	34.97	7.68
222.5970	3.76	6.5	37.81	39.06	7.91
223.5970	38.45	8.2	36.82	50.25	10.02
224.5980	11.96	5.7	37.52	54.95	11.02
225.5980	22.49	3.9	38.16	57.47	12.20
226.5980	29.04	3.2	38.47	62.11	13.04
227.5990	26.58	3.6	38.37	57.47	12.80
228.5990	7.34	3.5	38.37	60.24	12.55
229.6000	19.08	3.0	38.52	61.35	13.08
230.6000	17.79	2.9	38.59	62.89	13.13
231.6010	12.91	2.7	38.63	61.35	13.26
232.6010	3.70	2.8	38.63	62.11	13.31
233.6020	5.41	2.2	38.84	63.29	13.59
234.6020	6.05	1.5	39.09	80.65	14.95
235.6030	4.12	0.6	39.52	86.96	16.26
236.6030	5.66	0.3	39.73	76.92	18.13
237.6030	7.93	0.2	39.81	81.97	19.01
238.6040	7.06	0.2	39.84	83.33	19.69
239.6040	6.64	0.2	39.88	84.75	19.54
240.6050	8.04	0.2	39.89	83.33	19.79
241.6050	9.05	0.2	39.90	80.65	19.39
242.6060	8.01	0.2	39.91	81.97	19.89
243.6060	7.65	0.2	39.93	83.33	19.94
244.6080	9.64	0.2	39.94	81.97	19.59
245.6070	9.47	0.2	39.95	83.33	19.79
246.6070	7.03	0.2	39.95	84.03	20.10
247.6080	6.25	0.2	39.96	83.33	20.10
248.6090	7.01	0.2	39.96	85.47	20.31
249.6090	7.57	0.2	39.97	84.75	20.10
250.6090	10.51	0.2	39.97	83.33	19.99
251.6100	9.95	0.2	39.97	81.97	19.69
252.6100	11.51	0.2	40.00	82.64	19.74
253.6120	11.07	0.2	40.00	86.21	20.10
254.6110	12.52	0.2	40.00	86.21	19.84
255.6110	13.75	0.2	39.99	83.33	19.49
256.6120	14.87	0.2	40.01	80.65	18.92
257.6130	16.86	0.2	40.01	80.00	19.06
258.6130	15.71	0.3	40.00	79.37	18.74
259.6130	17.11	0.2	39.99	80.65	18.74
260.6140	15.99	0.2	40.01	81.30	18.74
261.6150	13.28	0.2	40.01	80.65	18.92
262.6160	12.47	0.2	39.99	80.65	18.92
263.6150	12.02	0.2	40.01	81.30	19.01
264.6160	11.88	0.2	40.01	81.97	19.49
265.6160	11.23	0.2	40.02	84.75	20.20
266.6170	9.50	0.2	40.05	84.03	20.26
267.6170	10.28	0.2	40.05	86.21	20.36
268.6170	10.06	0.2	40.06	86.21	20.52
269.6180	12.69	0.2	40.06	87.72	20.31
270.6190	13.14	0.2	40.06	85.47	20.31
271.6190	13.64	0.2	40.06	84.75	20.26
272.6190	11.99	0.2	40.06	85.47	20.74
273.6200	11.09	0.1	40.07	87.72	20.63
274.6210	9.47	0.2	40.07	86.21	20.58
275.6210	11.26	0.2	40.06	85.47	20.31
276.6210	12.13	0.2	40.06	86.96	20.31
277.6220	11.12	0.2	40.06	86.21	19.99
278.6220	13.28	0.2	40.08	84.03	19.94
279.6230	12.19	0.2	40.07	81.97	19.79
280.6230	13.11	0.2	40.06	81.30	19.49
281.6230	13.17	0.2	40.06	76.92	18.92
282.6250	16.75	0.2	40.06	78.74	18.78
283.6250	15.74	0.2	40.07	79.37	18.97
284.6250	15.91	0.2	40.07	80.00	18.92
285.6250	16.81	0.2	40.07	81.97	19.39
286.6260	15.18	0.2	40.08	84.03	20.26
287.6270	13.70	0.2	40.09	86.21	20.36
288.6270	15.27	0.2	40.11	86.21	20.58
289.6270	14.51	0.2	40.12	86.21	20.85
290.6280	15.74	0.1	40.11	87.72	20.97
291.6290	12.27	0.1	40.11	87.72	20.97
292.6290	11.46	0.2	40.12	87.72	20.80
293.6290	10.65	0.1	40.11	86.96	20.80
294.6290	11.99	0.2	40.11	89.29	20.42
295.6300	11.01	0.2	40.12	86.21	20.63
296.6310	9.75	0.1	40.12	86.21	20.47
297.6310	10.09	0.2	40.12	84.75	20.26
298.6310	11.77	0.2	40.12	84.75	19.94
299.6320	12.49	0.2	40.11	84.75	20.20
300.6330	13.67	0.2	40.12	86.96	20.47
301.6330	13.19	0.1	40.12	85.47	20.36
302.6330	14.23	0.2	40.12	80.65	19.74
303.6340	13.70	0.2	40.08	73.53	18.47
304.6340	14.57	0.4	40.02	71.43	16.94
305.6350	19.16	0.5	39.95	74.07	16.79
306.6350	21.96	0.4	39.98	70.92	17.09
307.6350	21.74	0.8	39.91	69.93	16.65
308.6360	24.84	0.9	39.80	68.49	16.03
309.6370	22.55	0.7	39.83	69.93	16.51
310.6370	18.26	0.5	39.93	72.46	17.16
311.6380	13.14	0.4	40.01	74.07	17.67
312.6380	11.68	0.3	40.06	74.07	17.83
313.6380	12.24	0.3	40.05	75.19	17.67
314.6390	15.41	0.2	40.07	77.52	18.21
315.6390	14.96	0.3	40.07	76.92	18.17
316.6400	15.85	0.2	40.06	78.12	18.13
317.6400	17.20	0.2	40.07	78.74	18.56
318.6410	14.15	0.2	40.09	78.74	18.78
319.6410	12.77	0.2	40.10	80.00	19.11
320.6420	14.34	0.2	40.10	80.65	19.16
321.6420	12.63	0.2	40.10	80.00	19.01
322.6430	13.50	0.2	40.09	77.52	18.43
323.6430	14.26	0.3	40.07	77.52	18.25
324.6430	14.99	0.2	40.09	79.37	18.60
325.6440	12.83	0.3	40.09	80.00	18.83
326.6440	14.40	0.2	40.10	80.00	19.01
327.6450	11.60	0.2	40.12	81.97	19.25
328.6450	10.03	0.2	40.11	83.33	19.64
329.6460	11.07	0.2	40.12	83.33	19.64
330.6460	8.55	0.2	40.11	82.64	19.74
331.6480	9.30	0.2	40.11	82.64	19.69
332.6470	8.83	0.2	40.12	82.64	19.59
333.6470	9.08	0.2	40.12	79.37	19.06
334.6480	12.16	0.2	40.10	77.52	18.52
335.6490	15.07	0.2	40.10	82.64	18.60
336.6490	13.67	0.2	40.11	79.37	18.88
337.6490	13.81	0.2	40.11	79.37	18.92
338.6500	13.67	0.2	40.10	80.65	18.92
339.6500	13.67	0.3	40.11	79.37	19.06
340.6520	12.55	0.2	40.11	75.19	18.38
341.6510	13.33	0.3	40.08	75.76	17.92
342.6510	17.14	0.3	40.08	76.92	17.88
343.6520	16.72	0.3	40.09	76.34	18.00
344.6530	16.97	0.2	40.10	76.92	18.08
345.6530	16.11	0.3	40.10	75.19	18.47
346.6530	15.18	0.2	40.10	76.92	18.60
347.6540	12.89	0.2	40.11	78.12	18.60
348.6550	12.94	0.2	40.10	79.37	18.65
349.6560	12.69	0.2	40.11	78.74	18.38
350.6550	10.76	0.3	40.10	78.74	18.25
351.6560	11.43	0.2	40.10	76.34	18.04
352.6560	13.33	0.2	40.09	74.63	17.67
353.6570	13.81	0.2	40.10	75.19	17.83
354.6570	14.54	0.3	40.09	76.92	18.13
355.6570	12.80	0.2	40.11	78.74	18.52
356.6580	12.07	0.2	40.11	80.00	18.74
357.6590	12.61	0.2	40.12	80.65	19.11
358.6590	13.28	0.2	40.12	82.64	19.39
359.6590	11.60	0.2	40.12	80.65	19.25
360.6600	12.83	0.2	40.12	80.65	18.97
361.6610	14.71	0.2	40.10	78.74	18.69
362.6610	14.54	0.2	40.13	80.65	18.92
363.6610	14.48	0.2	40.10	80.00	18.88
364.6620	13.00	0.2	40.12	80.65	19.06
365.6620	13.39	0.2	40.12	82.64	19.30
366.6630	11.04	0.2	40.13	82.64	19.49
367.6630	10.37	0.2	40.12	81.97	19.39
368.6630	12.75	0.2	40.12	81.30	19.20
369.6650	13.28	0.2	40.11	81.30	19.06
370.6650	14.17	0.2	40.11	81.30	19.06
371.6650	13.75	0.2	40.13	80.65	19.16
372.6650	14.17	0.2	40.11	75.19	18.47
373.6660	17.03	0.3	40.09	72.46	17.47
374.6670	18.80	0.3	40.07	71.43	17.09
375.6670	15.85	0.3	40.07	74.07	17.63
376.6670	13.08	0.2	40.10	75.19	17.92
377.6680	13.33	0.2	40.10	76.92	18.13
378.6690	12.44	0.2	40.11	76.92	18.43
379.6690	13.47	0.2	40.11	78.12	18.52
380.6690	11.63	0.2	40.11	80.00	18.88
381.6690	10.87	0.2	40.14	79.37	19.01
382.6700	12.21	0.2	40.13	79.37	18.92
383.6710	12.72	0.2	40.13	80.00	19.20
384.6710	14.12	0.2	40.13	81.97	19.59
385.6710	12.80	0.2	40.14	82.64	19.94
386.6720	11.32	0.2	40.15	84.03	19.94
387.6730	12.10	0.2	40.14	82.64	19.99
388.6730	10.34	0.2	40.15	84.75	19.94
389.6730	9.81	0.1	40.16	82.64	20.05
390.6740	9.97	0.2	40.16	86.96	20.31
391.6740	7.76	0.1	40.16	87.72	20.69
392.6750	6.28	0.1	40.17	89.29	20.85
393.6750	6.28	0.2	40.18	86.21	20.85
394.6750	7.82	0.2	40.17	84.75	20.26
395.6760	9.83	0.2	40.16	83.33	19.89
396.6770	11.63	0.2	40.15	81.30	19.39
397.6770	11.96	0.2	40.14	82.64	19.30
398.6780	12.38	0.2	40.13	80.65	19.06
399.6780	12.75	0.2	40.12	80.00	18.83
400.6780	13.67	0.2	40.13	81.97	19.20
401.6790	12.30	0.2	40.15	81.30	19.30
402.6790	11.12	0.2	40.14	80.65	19.11
403.6800	10.79	0.2	40.13	76.92	18.69
404.6800	10.87	0.2	40.12	78.74	18.56
405.6810	11.71	0.2	40.12	79.37	18.60
406.6810	10.56	0.2	40.12	80.00	18.74
407.6820	10.67	0.2	40.12	83.33	19.25
408.6820	9.13	0.2	40.14	82.64	19.69
409.6830	8.71	0.2	40.15	81.97	19.64
410.6830	10.03	0.2	40.14	84.03	19.74
411.6830	9.30	0.2	40.16	83.33	19.94
412.6840	9.75	0.2	40.17	81.30	19.44
413.6840	10.98	0.2	40.16	81.97	19.54
414.6850	9.92	0.2	40.16	81.97	19.39
415.6850	9.47	0.2	40.14	79.37	19.01
416.6860	10.84	0.2	40.13	78.74	18.74
417.6860	10.56	0.2	40.14	80.65	19.16
418.6880	10.73	0.2	40.14	81.97	19.25
419.6870	11.74	0.2	40.15	81.30	19.11
420.6870	12.72	0.2	40.14	81.30	19.25
421.6880	11.93	0.2	40.15	83.33	19.49
422.6890	10.25	0.2	40.15	81.30	19.59
423.6890	9.22	0.2	40.14	80.65	19.25
424.6890	10.59	0.2	40.14	77.52	18.88
425.6900	6.56	0.2	40.14	80.00	18.78
426.6900	7.76	0.2	40.13	79.37	18.88
427.6920	8.63	0.3	40.14	78.12	18.65
428.6910	9.97	0.3	40.12	80.65	18.92
429.6910	10.51	0.2	40.13	78.74	18.65
430.6920	6.67	0.2	40.12	78.74	18.69
431.6930	8.01	0.2	40.12	77.52	18.52
432.6930	7.62	0.2	40.12	74.63	18.00
433.6930	5.97	0.4	40.10	71.94	17.28
434.6940	7.54	0.5	40.04	69.93	16.79
435.6950	12.47	0.8	39.88	68.03	16.16
436.6960	13.25	0.8	39.83	70.42	16.37
437.6950	10.62	0.6	39.87	69.93	16.33
438.6960	8.63	0.6	39.90	69.44	16.33
439.7700	10.62	0.8	39.84	68.97	16.54
440.8770	10.84	1.0	39.74	68.49	16.13
441.8770	9.81	0.6	39.86	69.44	16.58
442.8770	6.33	0.7	39.90	68.97	16.51
443.8770	9.39	0.7	39.85	68.97	16.44
444.8780	14.37	0.6	39.89	69.93	16.68
445.8790	14.29	0.4	39.99	72.46	16.94
446.8790	14.06	0.3	40.02	71.94	17.16
447.8790	14.20	0.4	40.03	73.53	17.13
448.8800	11.18	0.3	40.05	72.99	17.28
449.8810	9.05	0.3	40.05	72.99	17.36
450.8810	8.74	0.3	40.05	72.46	17.43
451.8810	7.82	0.3	40.06	74.07	17.39
452.8820	8.91	0.3	40.07	74.07	17.51
453.8820	9.16	0.3	40.05	74.07	17.47
454.8830	12.75	0.3	40.08	74.07	17.67
455.8830	11.07	0.3	40.07	72.99	17.32
456.8830	12.05	0.5	40.03	73.53	17.09
457.8840	13.03	0.4	40.02	71.94	17.09
458.8850	14.54	0.4	40.00	71.94	16.87
459.8850	14.23	0.5	40.01	70.92	16.76
460.8860	14.43	0.5	39.96	70.42	16.65
461.8860	9.58	1.0	39.81	67.11	16.16
462.8860	7.65	1.3	39.65	65.79	15.83
463.8870	15.27	1.5	39.47	64.10	15.42
464.8870	18.18	1.5	39.36	64.52	15.33
465.8880	16.75	1.6	39.34	64.10	15.30
466.8880	13.95	1.7	39.37	63.69	15.45
467.8890	6.56	1.4	39.42	65.79	15.42
468.8890	14.03	1.0	39.56	67.57	15.93
469.8900	17.65	1.1	39.60	66.23	16.10
470.8900	17.37	0.9	39.66	68.03	16.06
471.8910	16.50	1.0	39.62	65.79	15.90
472.8910	13.42	1.2	39.56	66.67	15.83
473.8910	7.23	1.0	39.64	67.57	15.96
474.8920	10.06	0.5	39.80	70.92	16.47
475.8920	15.77	0.7	39.78	69.93	16.20
476.8930	16.13	0.8	39.78	69.44	16.40
477.8930	15.83	0.6	39.85	70.92	16.51
478.8940	14.68	0.4	39.87	70.42	16.65
479.8940	13.03	0.5	39.94	71.94	17.16
480.8960	10.53	0.3	39.99	74.07	17.59
481.8950	8.38	0.3	40.02	76.92	18.30
482.8950	8.57	0.2	40.05	78.74	18.65
483.8960	8.21	0.2	40.05	79.37	18.78
484.8970	8.46	0.2	40.06	79.37	18.97
485.8970	9.22	0.2	40.07	79.37	19.01
486.8970	9.92	0.2	40.07	79.37	19.11
487.8980	10.14	0.2	40.07	80.00	18.97
488.8980	12.44	0.2	40.07	81.30	19.25
489.9000	12.13	0.2	40.07	80.65	19.20
490.8990	11.91	0.2	40.07	80.00	19.25
491.8990	10.56	0.2	40.07	80.65	19.16
492.9000	13.98	0.2	40.07	80.65	19.30
493.9010	10.93	0.3	40.08	81.30	19.54
494.9010	11.32	0.2	40.08	81.30	19.30
495.9010	12.05	0.2	40.09	81.30	19.39
496.9020	10.20	0.2	40.10	80.65	18.97
497.9030	13.56	0.3	40.09	79.37	18.97
498.9040	13.22	0.2	40.08	79.37	18.88
499.9030	13.08	0.2	40.09	79.37	19.01
500.9040	12.75	0.2	40.10	80.00	19.11
501.9040	12.97	0.2	40.10	78.12	18.74
502.9050	12.49	0.3	40.07	78.12	18.60
503.9050	12.52	0.2	40.08	78.12	18.47
504.9050	12.72	0.3	40.06	73.53	17.92
505.9060	12.10	0.4	40.03	70.42	17.24
506.9070	14.03	0.3	40.02	73.53	17.20
507.9070	14.57	0.3	40.04	74.63	17.71
508.9070	17.06	0.3	40.05	75.19	17.79
509.9080	16.89	0.2	40.05	74.63	17.88
510.9090	19.19	0.3	40.05	75.76	17.79
511.9090	18.35	0.3	40.07	76.92	18.38
512.9090	16.64	0.3	40.05	76.92	17.96
513.9100	17.56	0.3	40.06	76.34	18.00
514.9100	17.39	0.3	40.08	79.37	18.56
515.9110	15.04	0.2	40.09	79.37	18.65
516.9110	15.49	0.2	40.09	77.52	18.47
517.9110	17.87	0.3	40.07	76.34	17.88
518.9130	16.50	0.3	40.07	76.92	17.96
519.9130	16.53	0.2	40.07	76.92	18.17
520.9130	16.83	0.3	40.07	76.92	18.38
521.9130	16.64	0.3	40.08	77.52	18.25
522.9140	14.51	0.2	40.07	76.34	18.04
523.9150	15.71	0.3	40.07	72.46	17.79
524.9150	13.50	0.3	40.04	74.63	17.79
525.9150	14.01	0.3	40.08	75.76	18.00
526.9160	12.33	0.3	40.07	75.19	18.08
527.9170	14.54	0.3	40.07	76.34	18.04
528.9170	12.44	0.3	40.08	76.92	17.88
529.9170	15.83	0.3	40.06	76.34	18.21
530.9170	14.45	0.3	40.07	75.76	18.08
531.9180	16.67	0.3	40.07	75.76	18.30
532.9190	13.00	0.3	40.09	78.74	18.52
533.9190	12.97	0.3	40.08	77.52	18.52
534.9190	15.24	0.2	40.08	77.52	18.38
535.9200	15.27	0.2	40.10	76.34	18.83
536.9210	12.80	0.3	40.09	78.12	18.47
537.9210	14.01	0.2	40.10	79.37	18.69
538.9210	12.55	0.2	40.11	78.74	18.88
539.9220	12.44	0.2	40.10	80.00	18.88
540.9220	13.39	0.2	40.11	78.12	18.69
541.9230	13.56	0.2	40.10	77.52	18.17
542.9230	13.84	0.2	40.10	77.52	18.38
543.9230	13.67	0.3	40.08	74.07	17.96
544.9240	15.29	0.3	40.06	73.53	17.67
545.9250	13.78	0.3	40.05	73.53	17.43
546.9250	14.85	0.4	40.01	71.43	17.05
547.9260	12.63	0.3	40.03	71.94	17.24
548.9260	10.14	0.4	40.01	70.42	16.94
549.9260	9.53	0.4	40.02	71.94	17.16
550.9270	10.98	0.5	39.99	71.94	17.05
551.9270	15.57	0.6	39.94	69.93	16.68
552.9280	17.95	0.7	39.86	71.43	16.51
553.9280	18.04	0.8	39.83	68.03	16.23
554.9290	16.72	0.8	39.78	68.97	16.23
555.9290	13.28	1.0	39.74	67.11	16.26
556.9300	6.36	1.3	39.60	65.36	15.83
557.9300	11.96	1.4	39.47	65.79	15.58
558.9310	20.95	1.3	39.49	66.67	15.52
559.9310	19.92	1.3	39.51	65.36	15.70
560.9310	19.38	1.1	39.57	66.67	15.93
561.9320	17.17	1.3	39.56	66.67	15.64
562.9320	8.91	1.2	39.52	67.11	15.96
563.9330	14.48	1.1	39.57	66.67	15.83
564.9330	21.12	1.1	39.60	67.57	15.96
565.9340	19.64	1.1	39.61	67.57	15.93
566.9340	19.19	0.9	39.63	68.03	16.10
567.9360	11.37	7.8	37.59	71.43	16.54
568.9350	15.80	7.7	36.87	78.12	18.04
569.9350	13.92	5.8	37.65	84.03	19.79
570.9360	13.36	4.5	37.95	88.50	20.31
571.9370	12.10	4.2	38.11	85.47	20.58
572.9370	11.29	4.2	38.09	86.96	20.58
573.9370	13.59	5.2	37.91	84.75	20.05
574.9380	14.59	5.5	37.75	94.34	19.79
575.9380	21.76	5.4	37.66	73.53	19.49
576.9400	20.76	5.1	37.66	74.07	19.69
577.9390	20.56	4.9	37.79	75.19	19.99
578.9390	18.74	5.1	37.77	75.19	19.89
579.9400	18.23	5.0	37.71	74.07	19.54
580.9410	16.97	5.4	37.61	72.99	19.74
581.9410	14.20	5.9	37.40	71.94	19.39
582.9410	15.88	5.4	37.45	72.99	19.16
583.9420	19.38	5.6	37.47	73.53	19.59
584.9430	19.05	4.8	37.71	76.34	20.20
585.9440	17.90	4.6	37.82	75.76	20.10
586.9430	16.92	4.4	37.88	76.92	20.20
587.9440	13.81	4.0	38.02	77.52	20.80
588.9440	15.29	4.2	38.00	78.12	20.52
589.9450	15.94	4.1	37.93	78.12	20.36
590.9450	16.53	4.8	37.85	76.92	20.15
591.9450	16.55	4.5	37.83	76.34	20.31
592.9460	15.55	4.4	37.82	75.19	20.15
593.9470	15.60	4.7	37.75	75.19	19.84
594.9470	15.43	4.9	37.71	74.63	19.89
595.9470	14.37	4.9	37.63	74.07	19.84
596.9480	12.10	4.7	37.77	75.76	19.99
597.9490	9.11	4.8	37.70	74.63	20.15
598.9490	9.47	4.6	37.74	76.34	20.52
599.9490	10.45	4.1	37.92	77.52	20.52
600.9500	12.30	3.6	38.09	79.37	21.20
601.9500	12.52	3.2	38.27	80.65	21.37
602.9510	12.05	3.2	38.30	81.30	21.61
603.9510	11.51	3.0	38.32	83.33	21.49
604.9510	11.51	3.0	38.31	80.00	21.37
605.9530	10.76	3.3	38.24	80.65	21.55
606.9530	11.09	3.7	38.15	76.92	20.91
607.9530	9.69	4.5	37.82	75.19	20.20
608.9530	10.59	6.1	37.30	69.93	18.74
609.9540	19.89	5.9	37.19	71.94	18.88
610.9550	17.48	5.5	37.33	72.99	19.30
611.9550	13.81	5.0	37.50	75.76	19.74
612.9550	-8.28	2.1	38.37	34.84	19.64
613.9560	-9.77	-0.0	39.37	0.00	18.21
614.9570	-12.65	-0.0	39.48	0.00	17.09
615.9570	-13.83	-0.0	39.52	28.49	15.58
616.9570	-13.38	-0.0	39.55	0.00	11.63
617.9570	-2.77	-0.0	39.58	20.79	9.87
618.9580	65.14	3.9	38.59	40.98	8.74
619.9590	11.74	10.6	36.10	50.51	9.65
620.9590	14.76	9.8	36.02	70.92	13.63
621.9590	14.48	8.0	36.56	74.07	17.63
622.9600	10.98	4.6	37.53	84.03	19.59
623.9610	9.58	3.3	38.07	87.72	20.85
624.9610	10.25	3.1	38.24	79.37	21.37
625.9610	13.28	3.1	38.28	81.97	21.37
626.9620	12.27	2.7	38.40	81.97	21.67
627.9620	11.35	2.7	38.39	83.33	22.04
628.9630	12.10	2.3	38.53	82.64	22.29
629.9630	11.46	2.7	38.41	81.97	21.98
630.9630	12.35	2.6	38.43	81.97	21.79
631.9640	11.93	2.8	38.42	83.33	21.85
632.9650	11.15	2.9	38.31	80.00	21.49
633.9650	10.70	3.6	38.14	79.37	21.14
634.9660	11.32	3.9	37.89	77.52	20.42
635.9660	11.79	4.2	37.92	76.92	20.69
636.9660	13.28	4.1	37.90	75.76	20.42
637.9670	13.98	4.8	37.78	76.92	20.10
638.9670	15.60	4.8	37.60	74.63	19.84
639.9680	18.46	4.8	37.66	75.19	20.05
640.9680	18.23	4.4	37.75	75.76	20.15
641.9690	17.28	4.6	37.69	74.63	20.20
642.9690	14.03	4.3	37.72	77.52	20.36
643.9700	13.33	4.3	37.82	75.19	20.58
644.9700	13.50	3.8	37.92	80.65	20.91
645.9710	13.56	3.6	37.95	79.37	20.85
646.9710	12.77	3.4	38.05	78.74	21.20
647.9710	10.93	2.7	38.28	83.33	21.85
648.9720	8.85	2.1	38.52	85.47	22.62
649.9720	8.01	1.8	38.65	86.21	22.55
650.9730	7.96	2.0	38.64	84.03	22.42
651.9730	8.43	1.8	38.70	85.47	22.75
652.9740	7.85	1.9	38.66	84.03	22.49
653.9740	8.91	2.1	38.59	81.97	22.17
654.9760	10.23	2.8	38.41	81.30	21.73
655.9750	11.40	3.1	38.24	79.37	21.37
656.9750	11.74	3.4	38.17	80.00	21.49
657.9760	10.76	3.4	38.15	82.64	21.25
658.9770	12.35	3.7	38.06	78.12	21.02
659.9770	14.15	4.2	37.91	75.76	20.36
660.9770	16.19	4.3	37.85	76.34	20.47
661.9780	16.27	4.7	37.68	74.63	19.89
662.9780	17.62	4.9	37.58	74.63	19.84
663.9800	17.31	4.9	37.65	75.76	20.10
664.9790	19.05	4.8	37.65	75.76	19.99
665.9790	21.12	5.2	37.48	73.53	19.54
666.9800	21.48	4.8	37.56	75.76	19.94
667.9810	20.11	4.7	37.58	76.34	20.05
668.9810	17.59	4.4	37.73	75.76	20.10
669.9810	18.35	4.3	37.68	76.34	20.36
670.9820	16.78	4.1	37.82	77.52	20.91
671.9830	16.13	3.5	37.92	78.12	21.02
672.9840	16.13	3.3	38.05	79.37	21.14
673.9830	16.97	3.2	38.09	77.52	21.31
674.9840	17.56	3.2	38.17	80.00	21.61
676.0150	17.14	3.1	38.16	78.74	21.37
677.0150	14.96	2.9	38.22	80.00	21.61
678.0170	16.33	3.1	38.18	79.37	21.31
679.0170	17.76	3.2	38.07	80.00	21.31
680.0170	18.12	3.0	38.16	81.30	21.61
681.0170	16.75	2.5	38.34	82.64	22.04
682.0180	15.85	2.5	38.41	82.64	22.04
683.0190	15.21	2.3	38.45	83.33	22.29
684.0190	14.34	2.2	38.48	82.64	22.23
685.0190	13.39	2.3	38.51	82.64	22.29
686.0200	14.23	2.3	38.50	83.33	22.17
687.0210	13.70	2.2	38.54	86.96	22.49
688.0210	12.89	2.3	38.51	84.75	22.17
689.0210	14.71	2.1	38.61	84.75	22.62
690.0210	11.29	1.6	38.71	85.47	22.82
691.0220	12.05	1.8	38.72	84.75	22.68
692.0230	11.63	2.0	38.64	84.03	22.55
693.0230	15.57	2.7	38.42	81.30	21.92
694.0230	17.14	3.0	38.25	81.30	21.55
695.0240	14.93	3.2	38.22	80.00	21.43
696.0250	15.29	2.6	38.34	81.97	21.85
697.0250	15.10	2.6	38.41	81.97	22.10
698.0250	13.08	2.5	38.46	84.03	22.68
699.0260	13.59	2.3	38.53	82.64	22.10
700.0260	12.66	2.5	38.49	81.97	22.10
701.0270	14.23	2.3	38.48	83.33	22.29
702.0270	12.63	2.2	38.53	84.03	22.29
703.0270	12.58	2.3	38.50	80.65	22.17
704.0280	10.53	2.5	38.45	80.65	21.73
705.0290	13.84	3.0	38.30	80.65	21.73
706.0290	12.66	3.2	38.16	79.37	21.25
707.0300	14.17	3.4	38.11	78.74	21.14
708.0300	13.78	3.2	38.14	79.37	21.14
709.0300	13.70	3.4	38.10	79.37	21.20
710.0310	13.81	3.5	38.09	78.74	21.20
711.0310	12.02	3.5	38.09	78.74	21.08
712.0320	11.85	3.6	38.04	78.12	20.80
713.0320	13.73	4.0	37.93	78.74	20.91
714.0330	13.22	3.5	38.04	79.37	21.20
715.0330	12.41	3.3	38.16	80.00	21.43
716.0340	12.94	3.0	38.21	80.65	21.55
717.0340	11.51	2.7	38.31	81.30	21.85
718.0350	11.07	2.8	38.29	80.65	21.73
719.0350	12.63	3.1	38.20	79.37	21.31
720.0350	12.86	3.2	38.14	79.37	21.43
721.0360	13.42	3.2	38.11	79.37	21.43
722.0360	12.86	3.1	38.15	80.65	21.37
723.0370	12.97	2.8	38.24	80.65	21.73
724.0370	11.88	2.6	38.34	81.97	21.92
725.0380	12.69	2.5	38.39	83.33	22.10
726.0380	12.35	2.2	38.47	82.64	22.23
727.0400	10.84	2.1	38.54	84.75	22.42
728.0390	10.81	2.0	38.60	86.21	22.55
729.0390	10.23	2.1	38.59	84.75	22.55
730.0400	9.11	2.0	38.61	86.21	22.49
731.0410	9.78	1.8	38.65	86.96	22.68
732.0410	9.39	1.8	38.72	84.75	22.88
733.0410	8.83	1.7	38.74	84.03	22.88
734.0420	7.62	1.7	38.72	84.75	22.62
735.0420	8.10	2.0	38.65	84.03	22.36
736.0440	9.53	1.9	38.64	85.47	22.68
737.0430	7.93	2.1	38.60	82.64	22.55
738.0430	10.48	2.0	38.64	84.03	22.36
739.0440	11.04	1.9	38.64	84.75	22.49
740.0450	12.44	1.9	38.65	85.47	22.62
741.0450	10.37	2.1	38.62	83.33	22.23
742.0450	13.03	2.6	38.45	81.97	21.98
743.0460	11.77	2.5	38.44	81.97	21.92
744.0470	11.71	2.6	38.42	80.65	21.92
745.0480	11.77	3.1	38.27	79.37	21.49
746.0470	11.63	3.6	38.09	79.37	21.02
747.0480	13.31	3.9	37.97	78.12	20.69
748.0480	10.25	4.0	37.91	76.92	20.85
749.0490	12.30	4.0	37.87	78.12	20.63
750.0490	12.63	3.8	37.95	77.52	20.85
751.0490	10.51	4.0	37.93	76.92	20.74
752.0500	12.27	4.0	37.93	78.12	20.74
753.0510	13.31	3.6	37.98	78.12	21.02
754.0510	12.47	3.5	37.99	79.37	21.14
755.0510	12.16	4.5	37.80	76.34	20.42
756.0520	11.07	4.8	37.55	73.53	19.79
757.0530	14.62	4.9	37.60	75.19	19.94
758.0530	15.52	3.7	37.93	81.97	21.14
759.0530	13.70	3.4	38.04	78.74	21.20
760.0540	14.03	2.9	38.16	81.97	21.43
761.0540	12.58	2.7	38.25	81.97	21.73
762.0550	13.11	2.4	38.35	81.30	21.98
763.0550	12.30	2.5	38.38	81.30	21.92
764.0550	12.66	2.8	38.24	79.37	21.49
765.0570	12.19	3.3	38.15	80.00	21.37
766.0570	12.86	3.4	38.04	79.37	21.02
767.0570	13.22	3.4	38.06	81.97	21.20
768.0570	14.09	3.0	38.13	81.97	21.55
769.0580	13.03	2.9	38.19	81.30	21.67
770.0590	11.57	3.1	38.20	81.97	21.55
771.0590	14.01	2.6	38.34	83.33	21.92
772.0590	14.43	2.3	38.41	82.64	22.17
773.0600	11.96	2.3	38.42	84.03	22.23
774.0610	11.77	2.2	38.46	83.33	22.17
775.0610	12.33	2.1	38.49	83.33	22.36
776.0610	12.63	2.0	38.53	84.03	22.49
777.0610	12.30	2.1	38.54	84.03	22.49
778.0620	9.41	1.9	38.62	87.72	22.68
779.0630	9.33	1.7	38.69	87.72	22.82
780.0630	9.39	1.3	38.79	85.47	23.16
781.0630	7.34	1.2	38.85	89.29	23.30
782.0640	7.73	1.4	38.83	85.47	23.23
783.0650	7.09	1.5	38.81	86.96	23.02
784.0650	7.03	1.3	38.84	86.96	23.02
785.0650	6.92	1.6	38.77	87.72	22.75
786.0660	9.16	2.1	38.61	83.33	22.36
787.0660	8.63	2.1	38.54	84.03	22.49
788.0670	10.76	1.8	38.68	84.75	22.75
789.0670	11.01	1.4	38.81	85.47	22.95
790.0670	10.84	1.7	38.74	84.75	22.68
791.0680	11.04	1.6	38.72	84.75	22.62
792.0690	9.92	1.7	38.73	85.47	22.95
793.0690	9.27	1.6	38.79	86.21	23.09
794.0700	9.95	1.3	38.86	87.72	23.16
795.0700	10.51	1.4	38.85	86.21	22.95
796.0700	10.31	1.5	38.82	85.47	23.09
797.0710	10.28	1.4	38.83	86.96	23.23
798.0710	9.47	1.9	38.71	85.47	22.49
799.0720	12.13	1.8	38.72	84.75	22.62
800.0720	11.82	1.6	38.77	85.47	23.02
801.0730	10.70	1.4	38.84	85.47	23.02
802.0730	9.44	1.5	38.82	85.47	23.09
803.0740	9.02	1.6	38.80	85.47	22.88
804.0740	-4.34	1.3	38.88	44.84	22.95
805.0750	-9.46	-0.1	39.35	0.00	22.10
806.0750	-10.05	-0.0	39.42	0.00	21.37
807.0750	-10.30	-0.0	39.44	0.00	21.08
808.0760	-10.30	-0.0	39.44	0.00	20.42
809.0760	-10.33	-0.0	39.44	0.00	19.30
810.0770	-10.80	-0.0	39.48	0.00	18.60
811.0770	12.16	-0.0	39.49	68.03	17.96
812.0780	13.25	5.5	37.81	70.42	18.60
813.0780	19.47	5.6	37.55	75.19	19.69
814.0800	14.09	3.9	37.95	79.37	20.74
815.0790	12.52	3.2	38.24	80.65	21.55
816.0790	9.44	2.5	38.44	81.97	22.17
817.0800	7.99	1.9	38.66	84.75	22.55
818.0810	7.87	1.7	38.74	85.47	22.75
819.0810	7.06	1.4	38.87	87.72	23.23
820.0810	7.20	1.1	38.96	87.72	23.58
821.0820	7.31	1.1	39.01	87.72	23.51
822.0820	8.88	1.0	39.07	87.72	23.80
823.0840	8.46	1.2	38.99	86.21	23.23
824.0830	10.00	1.4	38.91	85.47	23.02
825.0830	11.85	1.7	38.84	84.03	22.88
826.0840	11.21	1.7	38.81	84.75	22.88
827.0850	10.73	1.8	38.76	85.47	22.82
828.0850	9.41	1.5	38.85	86.96	22.68
829.0850	7.96	1.7	38.86	85.47	23.09
830.0860	9.81	1.6	38.85	86.21	22.95
831.0870	8.60	1.5	38.87	86.96	23.02
832.0880	10.11	1.5	38.88	86.21	23.23
833.0870	9.27	1.7	38.83	84.75	22.88
834.0880	9.61	1.9	38.77	84.75	22.68
835.0880	11.77	1.7	38.76	86.21	22.62
836.0890	11.85	1.7	38.81	85.47	22.88
837.0890	10.48	1.7	38.83	85.47	23.23
838.0890	10.79	1.7	38.81	84.75	22.95
839.0900	11.96	1.9	38.77	84.03	22.62
840.0910	11.35	1.8	38.74	82.64	22.49
841.0910	11.46	2.2	38.66	81.30	22.36
842.0910	12.07	2.6	38.54	82.64	21.79
843.0920	10.70	2.7	38.43	81.30	21.79
844.0930	12.24	3.0	38.40	81.30	21.61
845.0930	10.84	2.8	38.37	80.65	21.73
846.0930	10.73	2.9	38.35	78.74	21.55
847.0940	12.07	2.8	38.36	81.30	21.73
848.0940	10.28	2.8	38.38	80.65	21.61
849.0950	13.56	3.2	38.27	80.00	21.55
850.0950	13.61	3.5	38.12	77.52	20.97
851.0950	14.73	3.8	38.03	78.12	20.91
852.0970	13.31	3.9	37.99	78.74	20.52
853.0970	13.61	4.3	37.93	75.19	20.52
854.0970	14.43	4.7	37.68	74.07	20.05
855.0970	10.39	5.4	37.42	72.46	19.35
856.0980	8.24	6.2	37.18	68.49	18.74
857.0990	10.39	6.7	36.97	70.42	18.74
858.0990	14.73	5.9	37.22	72.46	19.11
859.0990	19.97	5.6	37.39	72.99	19.49
860.1000	22.72	4.9	37.50	74.07	19.69
861.1010	18.54	4.4	37.67	77.52	20.31
862.1010	18.37	4.2	37.74	76.34	20.36
863.1010	16.55	3.6	37.91	80.00	20.97
864.1010	14.23	3.2	38.08	81.97	21.43
865.1020	12.21	3.0	38.19	83.33	21.85
866.1030	10.45	2.9	38.24	82.64	21.73
867.1030	9.72	2.8	38.24	81.97	21.79
868.1030	10.14	3.9	37.97	79.37	20.74
869.1040	10.67	4.0	37.86	80.65	20.80
870.1050	11.37	4.3	37.75	75.76	20.20
871.1050	16.39	5.0	37.50	73.53	19.64
872.1050	18.96	5.4	37.48	74.07	19.54
873.1060	14.96	4.2	37.68	78.12	20.36
874.1060	11.09	3.4	37.99	80.00	21.25
875.1070	11.09	2.9	38.10	80.65	21.55
876.1070	10.42	2.9	38.18	81.30	21.49
877.1070	10.67	2.5	38.29	83.33	21.79
878.1080	6.67	2.3	38.40	82.64	22.04
879.1090	6.89	2.6	38.38	82.64	21.98
880.1090	6.78	2.3	38.36	82.64	22.17
881.1100	6.78	2.1	38.43	82.64	22.29
882.1100	6.28	2.1	38.48	86.21	22.23
883.1100	6.78	2.1	38.49	85.47	22.29
884.1110	7.29	2.1	38.50	85.47	22.42
885.1110	6.95	2.1	38.50	84.75	22.29
886.1120	6.03	2.1	38.49	83.33	22.17
887.1120	6.64	2.2	38.45	83.33	22.23
888.1130	7.65	2.2	38.46	82.64	22.23
889.1130	-8.65	0.6	38.95	21.51	21.79
890.1140	-9.32	-0.0	39.25	0.00	20.91
891.1140	-11.08	-0.0	39.27	0.00	19.79
892.1150	-9.85	-0.0	39.31	0.00	19.11
893.1150	-10.30	-0.0	39.33	0.00	18.38
894.1150	-10.38	-0.1	39.33	0.00	17.05
895.1160	-9.77	-0.0	39.33	0.00	16.16
896.1160	-8.06	-0.0	39.38	0.00	15.18
897.1170	17.23	2.8	38.65	57.47	14.78
898.1170	15.97	10.5	36.17	62.89	16.33
899.1180	12.27	9.0	36.22	64.52	17.09
900.1180	8.55	7.1	36.74	68.03	18.04
901.1200	10.56	6.3	37.06	71.94	18.88
902.1190	12.75	5.4	37.35	73.53	19.69
903.1190	21.93	3.6	37.81	62.11	20.42
904.1200	12.58	-0.0	39.07	0.00	19.79
905.1210	13.75	-0.1	39.19	0.00	18.78
906.1210	14.45	-0.0	39.22	0.00	18.25
907.1210	14.31	-0.0	39.27	0.00	17.59
908.1220	13.95	-0.0	39.27	0.00	16.47
909.1220	0.68	-0.1	39.30	58.82	16.00
910.1240	-9.88	-0.0	39.31	20.66	15.42
911.1230	-10.27	-0.0	39.33	0.00	14.53
912.1230	-10.02	-0.1	39.33	0.00	14.05
913.1240	-10.38	-0.1	39.36	0.00	13.80
914.1250	-10.80	-0.1	39.38	0.00	13.13
915.1250	-10.66	-0.1	39.38	0.00	12.64
916.1250	-8.48	-0.0	39.38	0.00	9.64
917.1260	14.34	-0.1	39.38	29.85	7.95
918.1270	-0.98	-0.1	39.41	0.00	7.95
919.1280	-1.45	-0.1	39.44	0.00	5.65
920.1270	-0.36	-0.0	39.44	0.00	5.65
921.1280	-0.61	-0.0	39.44	0.00	0.00
922.1280	-0.50	-0.0	39.44	0.00	0.00
923.1290	-0.61	-0.0	39.44	0.00	0.00
924.1290	-0.61	-0.0	39.44	0.00	0.00
925.1290	-0.50	-0.0	39.47	0.00	0.00
926.1300	-0.61	-0.0	39.50	0.00	0.00
927.1310	-0.50	-0.0	39.50	0.00	0.00
928.1310	-0.58	-0.0	39.50	0.00	0.00
929.1310	-0.58	-0.0	39.50	0.00	0.00
930.1320	-0.58	-0.0	39.50	0.00	0.00
931.1330	-0.47	-0.1	39.50	0.00	0.00
932.1330	-0.50	-0.0	39.50	0.00	0.00
933.1330	-0.44	-0.0	39.52	0.00	0.00
934.1340	-0.44	-0.1	39.55	0.00	0.00
935.1340	-0.58	-0.0	39.55	0.00	0.00
936.1350	-0.53	-0.0	39.55	0.00	0.00
937.1350	-0.42	-0.0	39.55	0.00	0.00
938.1350	-0.58	-0.0	39.55	0.00	0.00
939.1370	-0.50	-0.0	39.55	0.00	0.00
940.1370	-0.61	-0.1	39.55	0.00	0.00
941.1370	-0.25	-0.0	39.55	0.00	0.00
942.1370	3.06	-0.0	39.55	0.00	0.00
943.1380	8.13	4.8	38.24	35.97	0.00
944.1390	10.81	10.5	36.26	57.47	8.13
945.1390	15.69	3.7	37.91	65.36	12.80
946.1390	1.43	8.1	37.06	46.95	14.39
947.1400	-3.33	-0.0	39.08	0.00	16.68
948.1410	0.96	-0.0	39.39	0.00	14.64
949.1410	18.23	2.0	38.99	70.42	12.64
950.1410	12.33	10.5	36.19	86.21	15.61
951.1410	5.91	7.2	36.95	98.04	18.04
952.1420	9.58	5.0	37.58	105.26	20.10
953.1430	8.57	3.7	37.99	108.70	20.91
954.1430	0.09	2.9	38.24	111.11	21.79
955.1430	1.38	2.7	38.36	94.34	21.67
956.1440	6.08	2.7	38.37	80.65	21.73
957.1450	4.35	2.3	38.51	84.75	22.42
958.1450	10.06	1.8	38.70	86.96	22.82
959.1450	9.92	1.7	38.73	74.63	22.75
960.1460	10.53	1.1	38.90	77.52	23.51
961.1460	11.21	1.2	38.92	75.76	23.16
962.1470	11.09	1.7	38.77	73.53	22.82
963.1470	14.57	1.9	38.67	73.53	22.49
964.1470	14.03	2.1	38.65	73.53	22.29
965.1480	16.02	1.9	38.67	74.63	22.68
966.1490	14.62	1.5	38.80	76.34	23.09
967.1490	13.42	0.9	38.99	78.74	23.58
968.1500	11.68	0.6	39.12	80.00	23.87
969.1500	11.04	0.5	39.18	81.30	24.24
970.1500	11.29	0.5	39.23	81.30	24.24
971.1510	9.13	0.3	39.28	83.33	24.47
972.1510	9.69	0.3	39.31	82.64	24.71
973.1520	10.23	0.3	39.33	81.97	24.63
974.1520	9.55	0.2	39.35	82.64	24.95
975.1530	9.19	0.3	39.35	82.64	24.87
976.1530	9.55	0.2	39.34	81.97	24.71
977.1540	11.29	0.3	39.32	83.33	24.71
978.1540	11.57	0.3	39.35	81.30	24.47
979.1550	11.79	0.6	39.29	81.97	24.09
980.1550	14.15	0.6	39.25	80.00	24.09
981.1550	12.47	0.6	39.24	80.00	23.80
982.1560	10.56	0.7	39.21	80.00	23.87
983.1560	12.58	0.6	39.23	80.00	23.94
984.1570	11.77	0.7	39.22	80.00	24.09
985.1570	10.90	0.6	39.22	76.34	23.94
986.1580	10.51	0.9	39.14	78.12	23.72
987.1580	12.41	1.2	39.05	76.34	23.23
988.1600	13.11	1.7	38.89	75.76	23.02
989.1590	12.72	2.1	38.77	72.99	22.36
990.1590	10.39	2.3	38.66	72.46	22.23
991.1600	11.96	2.2	38.66	71.43	21.79
992.1610	10.20	2.5	38.56	73.53	22.10
993.1610	12.19	2.4	38.59	71.94	22.17
994.1610	15.83	2.3	38.61	73.53	22.17
995.1620	15.60	2.4	38.58	72.46	22.17
996.1620	15.97	2.4	38.53	71.94	22.10
997.1640	18.71	2.7	38.48	72.99	22.04
998.1630	19.08	2.8	38.45	71.43	21.55
999.1630	17.48	3.0	38.38	70.92	21.43
1000.1640	15.41	3.2	38.32	70.92	21.43
1001.1650	14.96	3.2	38.21	70.42	21.37
1002.1650	13.17	3.3	38.18	69.44	21.31
1003.1650	17.45	3.7	38.09	68.49	20.85
1004.1660	16.89	4.3	37.94	87.72	20.42
1005.1670	17.81	4.3	37.82	84.75	20.36
1006.1680	14.85	4.2	37.84	84.75	20.42
1007.1670	15.83	4.9	37.67	81.97	19.89
1008.1680	14.93	5.0	37.60	83.33	19.84
1009.1680	14.65	5.2	37.57	82.64	19.74
1010.1690	16.02	5.0	37.54	81.30	19.69
1011.1690	16.72	4.8	37.64	82.64	20.05
1012.1690	14.82	4.3	37.71	84.75	20.05
1013.1700	13.53	4.7	37.67	84.03	19.99
1014.1710	14.37	4.7	37.59	84.03	20.10
1015.1710	12.10	4.6	37.58	84.03	19.89
1016.1710	11.01	4.5	37.67	84.03	19.94
1017.1720	11.74	4.6	37.56	83.33	19.89
1018.1730	11.37	4.8	37.55	83.33	19.89
1019.1730	11.71	5.3	37.42	82.64	19.44
1020.1730	11.79	5.7	37.34	83.33	19.39
1021.1740	13.50	5.0	37.43	84.75	19.59
1022.1740	11.63	4.7	37.54	86.21	19.89
1023.1750	9.53	4.3	37.70	84.75	20.58
1024.1750	10.51	3.9	37.72	86.21	20.52
1025.1750	10.31	3.9	37.83	87.72	20.63
1026.1770	11.07	3.7	37.86	88.50	20.91
1027.1770	12.91	3.8	37.90	88.50	20.91
1028.1770	12.77	3.8	37.84	87.72	20.85
1029.1770	9.75	3.9	37.87	86.21	20.58
1030.1779	-6.18	3.1	38.06	48.54	20.63
1031.1789	-13.83	-0.1	39.08	0.00	18.30
1032.1789	13.17	0.5	39.07	68.97	16.68
1033.1789	23.19	9.7	36.27	68.49	15.12
1034.1800	17.67	7.5	36.59	77.52	17.67
1035.1810	14.01	5.9	37.12	81.97	18.97
1036.1810	10.23	4.8	37.40	84.03	19.89
1037.1810	8.10	4.1	37.70	87.72	20.47
1038.1810	5.97	3.5	37.85	90.09	20.97
1039.1820	6.95	3.4	37.93	90.09	20.91
1040.1829	6.61	3.5	37.91	89.29	20.91
1041.1829	7.85	3.4	37.97	90.91	21.25
1042.1829	9.92	3.2	38.03	90.91	21.31
1043.1839	11.51	3.2	38.04	90.91	21.31
1044.1850	10.11	3.1	38.06	90.09	21.43
1045.1850	8.32	2.8	38.15	90.09	21.55
1046.1850	6.14	2.6	38.20	93.46	21.73
1047.1860	5.89	2.8	38.14	90.91	21.43
1048.1860	7.62	2.8	38.14	90.09	21.67
1049.2039	9.67	3.1	38.06	90.09	21.43
1050.2049	12.69	3.0	38.11	90.91	21.55
1051.2049	10.81	2.7	38.19	90.91	21.67
1052.2060	7.85	2.5	38.27	92.59	21.92
1053.2060	5.61	2.2	38.34	96.15	22.17
1054.2080	4.07	2.3	38.32	92.59	22.04
1055.2070	6.61	2.3	38.36	91.74	22.10
1056.2070	6.00	2.0	38.43	57.47	22.42
1057.2080	-12.37	0.0	39.06	0.00	21.73
1058.2089	-11.45	-0.1	39.16	0.00	21.31
1059.2089	-11.53	-0.1	39.21	0.00	20.91
1060.2089	-10.80	-0.1	39.21	0.00	20.74
1061.2099	-10.92	-0.1	39.22	0.00	21.08
1062.2099	-10.69	-0.1	39.27	0.00	20.85
1063.2120	-10.55	-0.1	39.27	0.00	20.52
1064.2110	-10.16	-0.1	39.27	0.00	20.58
1065.2110	-10.24	-0.1	39.27	0.00	20.10
1066.2120	-12.26	-0.1	39.31	0.00	22.88
1067.2130	-10.97	-0.1	39.33	0.00	22.95
1068.2130	-3.13	-0.1	39.33	42.02	22.95
1069.2130	11.74	-0.1	39.33	0.00	22.95
1070.2139	13.25	-0.1	39.33	0.00	22.88
1071.2149	14.31	-0.0	39.33	0.00	22.55
1072.2159	5.38	-0.1	39.38	97.09	22.55
1073.2149	7.12	1.1	39.03	75.19	23.02
1074.2159	10.65	1.4	38.86	78.12	23.16
1075.2159	10.76	0.6	39.11	78.74	24.02
1076.2170	10.98	0.3	39.25	82.64	24.95
1077.2170	9.89	0.2	39.31	85.47	25.77
1078.2170	8.77	0.1	39.33	88.50	27.03
1079.2180	7.29	-0.0	39.37	90.09	27.81
1080.2189	-8.00	-0.1	39.40	31.55	28.42
1081.2189	-10.78	-0.2	39.46	0.00	29.06
1082.2189	-8.79	-0.1	39.44	0.00	29.17
1083.2199	-9.01	-0.2	39.46	0.00	29.06
1084.2209	-8.90	-0.2	39.49	0.00	29.39
1085.2209	-9.01	-0.2	39.51	0.00	29.28
1086.2209	-8.54	-0.1	39.44	0.00	28.31
1087.2220	-9.18	-0.1	39.44	0.00	27.61
1088.2220	-9.12	-0.0	39.44	0.00	26.94
1089.2230	-9.12	-0.1	39.44	0.00	26.39
1090.2230	-8.87	-0.1	39.48	0.00	26.66
1091.2230	-8.73	-0.0	39.50	0.00	26.66
1092.2249	-9.04	-0.0	39.50	0.00	26.94
1093.2249	-9.24	-0.1	39.50	0.00	26.94
1094.2249	-9.18	-0.1	39.50	0.00	27.03
1095.2249	-9.43	-0.1	39.50	0.00	27.03
1096.2259	-9.60	-0.1	39.50	0.00	26.66
1097.2270	-9.94	-0.1	39.50	0.00	25.69
1098.2270	-7.89	-0.1	39.50	59.52	25.03
1099.2270	10.09	0.0	39.48	80.65	24.79
1100.2280	11.68	0.4	39.37	80.00	24.55
1101.2290	11.07	0.6	39.31	78.74	24.32
1102.2290	10.25	0.7	39.26	77.52	23.94
1103.2290	10.00	1.0	39.18	76.92	23.65
1104.2290	12.69	1.1	39.09	75.76	23.30
1105.2299	12.33	1.7	38.92	72.99	22.82
1106.2309	13.22	1.9	38.81	74.63	22.62
1107.2309	10.70	1.9	38.85	74.63	23.09
1108.2309	12.30	2.3	38.70	73.53	22.42
1109.2320	12.69	2.0	38.70	75.19	22.68
1110.2330	-5.90	1.1	39.00	35.46	22.68
1111.2330	-8.87	-0.1	39.45	0.00	22.75
1112.2330	-8.17	-0.1	39.50	0.00	21.20
1113.2340	-7.61	-0.1	39.50	0.00	20.47
1114.2340	13.61	-0.1	39.50	65.79	19.64
1115.2349	8.85	2.2	38.92	65.79	19.99
1116.2349	6.17	4.1	38.05	68.97	20.47
1117.2349	10.70	4.1	38.07	67.57	20.85
1118.2359	11.32	3.4	38.18	68.97	20.97
1119.2370	14.54	3.2	38.23	71.94	21.49
1120.2370	16.86	3.5	38.23	71.43	21.25
1121.2380	15.88	3.5	38.20	69.93	21.49
1122.2380	11.49	3.3	38.23	68.97	21.61
1123.2380	12.35	3.0	38.33	71.43	21.67
1124.2390	12.63	2.7	38.44	72.99	22.04
1125.2390	10.39	2.3	38.53	71.43	21.98
1126.2399	14.73	2.2	38.58	70.42	21.98
1127.2399	15.60	2.0	38.64	73.53	22.55
1128.2409	16.39	1.9	38.66	77.52	22.82
1129.2409	12.30	1.6	38.79	76.34	22.82
1130.2419	13.87	1.2	38.91	76.92	23.30
1131.2419	13.05	1.1	39.01	77.52	23.51
1132.2430	12.80	1.1	39.01	77.52	23.80
1133.2430	11.82	0.6	39.17	78.12	23.94
1134.2430	11.15	0.7	39.18	79.37	24.17
1135.2440	13.08	0.7	39.15	77.52	23.87
1136.2440	13.50	0.5	39.20	78.74	24.09
1137.2449	12.75	0.4	39.26	80.00	24.40
1138.2449	12.02	0.2	39.33	81.30	24.79
1139.2459	10.76	0.2	39.35	80.65	24.95
1140.2459	10.09	0.3	39.32	79.37	24.55
1141.2480	11.82	0.4	39.32	79.37	24.47
1142.2469	12.21	0.4	39.29	80.00	24.40
1143.2469	10.87	0.5	39.27	80.00	24.17
1144.2480	12.44	0.6	39.23	78.12	23.72
1145.2490	13.84	0.7	39.16	77.52	23.51
1146.2490	14.68	0.7	39.19	76.92	23.58
1147.2490	12.97	0.9	39.12	77.52	23.58
1148.2500	12.61	1.3	39.02	74.63	23.16
1149.2500	14.03	1.3	39.00	76.92	23.30
1150.2519	14.99	1.2	39.04	76.92	23.37
1151.2509	14.40	0.9	39.13	78.74	23.72
1152.2509	14.37	0.8	39.18	78.12	23.87
1153.2519	12.24	0.7	39.20	78.74	24.17
1154.2530	10.98	0.5	39.26	78.12	24.09
1155.2530	9.78	0.4	39.32	78.74	24.40
1156.2530	9.41	0.4	39.33	79.37	24.24
1157.2540	11.93	0.3	39.37	80.00	24.71
1158.2550	9.97	0.4	39.34	81.30	24.79
1159.2559	9.83	0.3	39.39	80.65	24.71
1160.2550	8.55	0.3	39.37	80.65	24.40
1161.2559	10.28	0.3	39.37	81.30	24.40
1162.2559	10.17	0.4	39.34	80.00	24.47
1163.2569	9.50	0.7	39.27	78.12	23.94
1164.2569	9.95	1.3	39.08	73.53	23.30
1165.2569	9.44	1.9	38.83	73.53	22.68
1166.2580	10.87	1.9	38.80	74.07	22.75
1167.2590	12.47	1.8	38.83	76.34	22.88
1168.2590	13.08	1.2	39.00	76.34	23.51
1169.2590	12.44	1.3	39.02	75.76	23.30
1170.2600	12.02	1.2	39.06	77.52	23.44
1171.2609	12.35	1.0	39.13	77.52	23.58
1172.2609	12.66	0.9	39.15	76.92	23.72
1173.2609	12.63	0.8	39.18	78.12	23.87
1174.2619	11.63	0.8	39.20	79.37	23.80
1175.2619	11.91	0.7	39.22	80.65	24.17
1176.2629	11.63	0.8	39.18	79.37	23.80
1177.2629	12.49	0.8	39.17	79.37	23.65
1178.2629	13.92	0.7	39.22	80.65	23.94
1179.2650	11.74	0.6	39.24	80.00	23.94
1180.2650	12.97	0.7	39.25	80.00	23.94
1181.2650	11.91	0.6	39.24	78.74	23.94
1182.2650	12.30	0.7	39.22	80.00	23.72
1183.2659	12.66	0.9	39.19	76.34	24.02
1184.2669	14.31	0.7	39.23	77.52	23.94
1185.2669	12.75	0.8	39.21	78.12	23.80
1186.2669	12.38	0.7	39.24	80.00	24.02
1187.2679	12.35	0.5	39.31	79.37	24.17
1188.2690	13.08	0.6	39.30	78.74	24.17
1189.2690	10.37	0.5	39.30	78.74	24.02
1190.2690	9.81	0.7	39.29	78.12	24.09
1191.2690	9.02	0.6	39.28	78.12	24.02
1192.2700	9.16	0.8	39.25	77.52	24.02
1193.2709	12.02	0.8	39.24	76.92	23.94
1194.2709	16.61	0.5	39.30	79.37	23.94
1195.2709	11.23	0.5	39.31	80.00	24.24
1196.2719	11.74	0.6	39.30	80.00	23.94
1197.2729	13.17	0.7	39.25	78.12	23.51
1198.2729	12.24	1.3	39.10	76.34	23.44
1199.2729	11.57	1.2	39.08	76.34	23.58
1200.2740	9.69	1.2	39.09	76.92	23.58
1201.2740	11.60	0.8	39.20	78.12	23.87
1202.2750	10.73	0.8	39.21	77.52	23.80
1203.2750	9.78	1.1	39.10	76.34	23.51
1204.2750	10.06	1.2	39.10	76.34	23.30
1205.2760	10.14	1.2	39.11	76.92	23.44
1206.2769	10.48	1.1	39.10	76.92	23.58
1207.2769	10.31	1.0	39.16	76.92	23.87
1208.2779	8.99	0.9	39.20	78.12	23.87
1209.2779	9.75	0.9	39.18	78.12	23.72
1210.2779	11.63	0.6	39.26	77.52	23.94
1211.2790	8.91	0.6	39.29	78.74	24.09
1212.2790	9.95	0.6	39.32	76.92	24.32
1213.2800	9.86	0.7	39.30	79.37	23.94
1214.2800	10.14	0.7	39.26	78.12	23.94
1215.2810	10.11	1.0	39.22	75.76	23.94
1216.2810	11.26	0.7	39.29	78.12	24.09
1217.2819	10.84	0.7	39.29	78.12	24.09
1218.2819	10.53	0.6	39.32	78.74	24.09
1219.2829	10.65	0.5	39.36	79.37	24.24
1220.2829	9.61	0.4	39.40	80.00	24.63
1221.2829	9.67	0.7	39.33	78.12	23.94
1222.2840	12.38	0.7	39.27	78.74	23.80
1223.2840	11.71	0.5	39.36	79.37	24.17
1224.2850	11.68	0.4	39.40	80.65	24.55
1225.2850	9.97	0.5	39.37	78.74	24.24
1226.2860	9.86	0.5	39.37	79.37	24.32
1227.2860	10.11	0.5	39.37	80.00	24.17
1228.2879	11.26	0.5	39.38	80.65	24.47
1229.2869	10.45	0.3	39.45	81.97	24.87
1230.2869	8.57	0.4	39.44	81.30	24.87
1231.2879	7.96	0.3	39.47	81.30	24.87
1232.2889	9.58	0.4	39.44	79.37	24.24
1233.2889	10.93	0.8	39.30	78.12	23.87
1234.2889	9.97	0.8	39.27	77.52	23.80
1235.2900	10.70	1.0	39.21	76.92	23.72
1236.2900	10.37	0.7	39.28	78.12	23.80
1237.2919	12.05	0.8	39.26	78.74	23.94
1238.2910	16.02	0.8	39.26	78.74	23.80
1239.2910	16.33	0.7	39.28	78.74	23.94
1240.2919	13.33	0.9	39.24	81.30	23.72
1241.2929	15.07	0.7	39.29	80.00	23.94
1242.2929	14.57	0.6	39.31	80.00	23.94
1243.2929	11.18	0.8	39.28	79.37	24.02
1244.2939	13.67	0.9	39.24	78.74	23.44
1245.2950	12.80	0.6	39.30	80.00	24.24
1246.2960	14.03	0.9	39.26	80.65	23.94
1247.2950	11.79	0.7	39.26	78.74	23.94
1248.2960	12.75	0.9	39.26	78.12	23.44
1249.2960	11.32	1.0	39.22	78.74	23.65
1250.2969	13.70	0.8	39.23	78.74	23.72
1251.2969	11.96	0.6	39.31	79.37	24.09
1252.2969	12.02	0.5	39.38	79.37	24.32
1253.2979	10.39	0.6	39.33	78.74	23.87
1254.2989	12.10	0.7	39.33	78.74	24.09
1255.2989	11.82	0.8	39.30	77.52	23.87
1256.2989	11.93	1.0	39.22	78.74	23.80
1257.3000	12.86	0.8	39.25	76.92	23.65
1258.3010	11.77	1.2	39.15	76.92	23.37
1259.3010	14.93	1.6	39.03	76.34	23.16
1260.3010	15.35	1.5	39.01	75.19	23.02
1261.3020	9.95	1.5	39.03	75.19	23.16
1262.3020	10.31	1.3	39.06	76.34	23.37
1263.3029	11.12	0.9	39.16	77.52	23.44
1264.3029	11.79	1.4	39.08	76.34	23.51
1265.3029	12.94	1.2	39.10	76.34	23.58
1266.3050	13.11	1.2	39.11	76.92	23.44
1267.3050	12.63	1.2	39.14	78.12	23.65
1268.3050	11.91	0.6	39.28	78.74	24.02
1269.3050	9.11	0.8	39.29	80.00	23.94
1270.3060	9.78	0.8	39.27	78.12	23.87
1271.3070	11.85	0.6	39.28	78.74	23.72
1272.3070	9.64	0.9	39.23	78.12	23.87
1273.3070	10.17	1.1	39.18	76.92	23.80
1274.3079	10.62	1.4	39.06	76.92	23.30
1275.3089	11.99	1.9	38.90	74.63	22.88
1276.3089	12.94	2.0	38.85	75.76	22.88
1277.3089	16.41	3.0	38.54	72.46	21.79
1278.3089	16.22	3.0	38.46	72.99	21.98
1279.3100	15.41	2.7	38.58	71.43	22.04
1280.3110	14.90	2.4	38.62	72.99	22.23
1281.3110	13.84	2.3	38.68	73.53	22.23
1282.3110	10.95	2.4	38.65	74.63	22.29
1283.3120	9.86	2.5	38.59	72.99	22.17
1284.3129	12.16	2.5	38.57	71.94	22.04
1285.3129	15.41	2.8	38.51	71.94	21.67
1286.3129	16.05	3.1	38.39	69.93	21.55
1287.3139	14.68	2.8	38.46	73.53	21.73
1288.3139	12.33	2.6	38.53	71.94	22.04
1289.3149	9.81	2.5	38.58	72.46	22.23
1290.3149	9.27	1.9	38.73	74.07	22.42
1291.3149	9.41	1.8	38.77	74.63	22.75
1292.3160	9.47	1.9	38.78	74.07	22.88
1293.3170	8.83	1.8	38.79	74.63	22.95
1294.3170	9.61	1.8	38.80	74.63	22.82
1295.3179	9.81	2.1	38.73	73.53	22.68
1296.3179	11.09	2.1	38.68	73.53	22.42
1297.3179	12.75	2.4	38.62	72.99	22.49
1298.3189	13.14	2.2	38.67	71.43	22.62
1299.3189	13.78	2.0	38.75	74.07	22.82
1300.3199	10.56	1.6	38.87	75.76	22.95
1301.3199	10.23	1.9	38.78	75.76	22.62
1302.3210	20.28	2.2	38.67	72.46	22.42
1303.3210	16.64	2.1	38.65	72.99	22.36
1304.3220	12.66	2.0	38.73	74.63	22.55
1305.3220	13.14	2.0	38.71	72.99	22.23
1306.3229	10.56	2.0	38.74	74.63	22.49
1307.3229	8.41	1.6	38.86	72.99	22.95
1308.3229	8.57	1.6	38.87	75.76	23.02
1309.3239	7.54	1.4	38.95	75.19	23.30
1310.3239	8.77	1.5	38.92	74.63	23.30
1311.3249	9.55	1.4	38.97	75.76	23.44
1312.3249	8.63	1.4	38.93	75.76	23.16
1313.3260	9.39	1.4	38.94	75.19	23.30
1314.3260	9.83	1.7	38.84	74.63	22.68
1315.3280	13.47	1.9	38.78	73.53	22.62
1316.3270	15.99	1.8	38.81	76.92	22.88
1317.3270	17.48	1.3	38.97	78.12	23.51
1318.3280	15.27	1.1	39.02	77.52	23.44
1319.3289	12.33	1.3	39.00	76.92	23.44
1320.3289	14.34	1.6	38.92	74.63	23.02
1321.3289	12.49	1.8	38.87	75.76	23.02
1322.3299	14.12	1.7	38.85	75.19	22.95
1323.3299	11.40	1.5	38.89	75.19	23.23
1324.3320	11.79	1.7	38.88	75.19	23.02
1325.3310	10.70	1.7	38.84	75.19	22.82
1326.3310	9.58	1.7	38.86	75.76	23.02
1327.3320	9.61	1.6	38.87	75.76	23.02
1328.3330	9.11	1.6	38.86	73.53	23.02
1329.3330	10.67	1.3	38.94	75.19	23.23
1330.3330	13.05	1.4	38.94	76.34	23.16
1331.3339	12.49	1.3	38.96	76.92	23.09
1332.3349	12.55	1.6	38.87	75.19	22.88
1333.3360	12.21	1.8	38.81	74.63	22.82
1334.3349	14.51	1.9	38.77	74.63	22.75
1335.3360	12.83	1.8	38.81	76.92	22.95
1336.3360	13.89	1.4	38.91	77.52	23.37
1337.3370	11.15	1.2	39.00	77.52	23.51
1338.3370	11.35	1.5	38.92	76.92	23.30
1339.3370	14.57	1.4	38.94	76.34	23.09
1340.3380	13.03	1.3	38.96	75.19	23.23
1341.3389	14.20	1.5	38.94	75.76	23.02
1342.3389	12.77	1.6	38.88	75.19	22.82
1343.3389	13.45	1.5	38.88	76.34	23.09
1344.3399	11.40	1.3	38.99	77.52	23.44
1345.3409	10.53	1.2	39.03	76.92	23.51
1346.3409	10.98	1.2	39.01	76.92	23.58
1347.3409	11.46	1.0	39.07	78.12	23.58
1348.3420	10.45	1.4	38.99	75.76	23.16
1349.3420	10.79	1.3	38.99	76.34	23.44
1350.3430	11.15	1.1	39.03	76.92	23.09
1351.3430	11.18	1.2	39.02	76.92	23.44
1352.3430	12.13	1.1	39.02	76.34	23.30
1353.3449	13.14	1.1	39.03	76.92	23.51
1354.3449	13.73	1.1	39.07	76.92	23.37
1355.3449	12.10	1.1	39.08	77.52	23.51
1356.3449	11.74	1.0	39.09	78.12	23.65
1357.3459	11.74	0.8	39.15	78.12	23.94
1358.3470	12.33	0.9	39.11	76.92	23.65
1359.3470	11.65	1.3	39.03	77.52	23.37
1360.3470	13.39	1.2	39.02	78.74	23.65
1361.3480	12.94	1.2	39.03	77.52	23.37
1362.3489	14.99	1.6	38.92	74.63	23.02
1363.3489	14.03	1.8	38.85	75.19	22.75
1364.3489	11.93	1.8	38.86	75.19	22.88
1365.3489	13.45	1.6	38.91	75.76	23.02
1366.3499	11.99	1.4	38.97	78.12	23.23
1367.3509	11.88	1.2	38.99	76.92	23.44
1368.3509	10.31	1.2	39.04	76.34	23.44
1369.3509	9.69	1.1	39.07	78.12	23.51
1370.3520	10.28	1.3	39.02	76.34	23.51
1371.3530	9.64	1.5	38.95	75.76	23.09
1372.3530	10.53	1.6	38.89	76.34	22.88
1373.3530	10.45	1.7	38.85	75.19	23.02
1374.3540	11.68	1.7	38.85	75.19	22.82
1375.3540	11.60	1.7	38.81	74.63	22.88
1376.3549	12.69	1.8	38.80	74.07	22.68
1377.3549	12.72	1.9	38.76	74.63	22.82
1378.3549	11.51	1.9	38.81	76.34	22.88
1379.3559	13.70	1.8	38.81	75.19	23.02
1380.3570	12.38	1.5	38.87	75.76	23.09
1381.3570	13.28	1.3	38.95	76.34	23.37
1382.3580	12.02	1.2	38.99	76.92	23.58
1383.3580	11.85	1.1	39.03	75.76	23.51
1384.3580	12.86	0.9	39.11	77.52	23.44
1385.3590	12.13	0.9	39.13	78.12	23.58
1386.3590	11.04	0.7	39.16	78.12	23.80
1387.3599	9.25	0.9	39.12	78.12	23.72
1388.3599	10.93	0.9	39.15	78.12	23.72
1389.3609	11.09	0.9	39.14	78.12	23.51
1390.3609	10.98	0.8	39.18	78.12	24.02
1391.3620	9.81	0.7	39.22	78.74	24.17
1392.3620	9.75	0.8	39.20	78.74	23.65
1393.3630	10.59	1.2	39.08	78.12	23.51
1394.3630	11.01	1.1	39.09	76.92	23.44
1395.3630	11.57	1.2	39.08	76.92	23.44
1396.3640	9.89	1.2	39.06	76.34	23.51
1397.3640	10.81	1.2	39.05	76.34	23.51
1398.3649	10.76	1.3	39.03	73.53	23.44
1399.3649	10.39	1.5	38.97	75.76	23.30
1400.3659	11.88	1.5	38.97	75.19	23.16
1401.3659	14.76	1.6	38.90	74.07	22.88
1402.3680	15.66	2.3	38.67	72.99	22.23
1403.3669	16.78	2.2	38.66	74.63	22.49
1404.3669	16.33	1.9	38.78	76.34	22.75
1405.3680	14.51	1.5	38.90	78.74	23.02
1406.3690	15.15	1.0	39.03	77.52	23.51
1407.3690	13.31	1.2	39.06	77.52	23.44
1408.3690	13.61	1.1	39.07	77.52	23.44
1409.3699	13.75	0.7	39.16	77.52	23.87
1410.3699	12.41	0.9	39.13	76.92	24.02
1411.3719	10.70	0.9	39.14	76.92	23.65
1412.3709	12.35	1.1	39.08	78.12	23.58
1413.3709	10.31	1.0	39.10	76.34	23.51
1414.3719	9.16	1.1	39.11	77.52	23.65
1415.3730	-3.69	0.9	39.14	52.08	23.72
1416.3730	-7.95	-0.1	39.47	21.10	23.16
1417.3730	-8.12	-0.1	39.50	0.00	22.82
1418.3740	-8.06	-0.0	39.50	0.00	22.68
1419.3750	-8.12	-0.0	39.50	0.00	22.10
1420.3759	6.19	-0.0	39.51	72.99	22.23
1421.3750	9.30	0.9	39.28	72.46	22.10
1422.3759	7.43	2.3	38.75	74.07	22.49
1423.3759	8.69	1.6	38.87	78.74	23.16
1424.3769	10.20	2.0	38.83	74.63	22.75
1425.3769	11.43	1.7	38.85	72.99	23.02
1426.3769	13.22	1.7	38.86	74.63	23.02
1427.3780	14.03	1.8	38.84	75.19	22.75
1428.3790	14.99	1.7	38.86	75.76	22.88
1429.3790	17.81	1.6	38.91	77.52	23.16
1430.3790	14.62	1.2	39.01	79.37	23.72
1431.3800	16.16	1.3	39.01	78.12	23.44
1432.3809	16.13	1.5	38.95	76.34	23.23
1433.3809	13.67	1.4	38.97	75.76	23.51
1434.3809	13.67	1.6	38.91	75.19	23.16
1435.3819	14.68	1.4	38.97	75.76	23.16
1436.3819	15.15	1.4	38.97	76.92	23.23
1437.3830	14.31	1.2	39.04	76.34	23.37
1438.3830	12.63	1.2	39.03	76.92	23.23
1439.3830	12.80	1.2	39.03	76.92	23.37
1440.3850	13.31	1.2	39.05	76.92	23.65
1441.3850	11.49	1.0	39.10	77.52	23.72
1442.3850	10.56	0.8	39.16	79.37	24.02
1443.3850	10.39	1.0	39.12	76.92	23.80
1444.3859	11.74	1.2	39.07	76.34	23.44
1445.3869	11.93	1.1	39.08	77.52	23.51
1446.3869	11.63	1.0	39.10	78.12	23.51
1447.3869	12.66	1.1	39.08	77.52	23.37
1448.3879	12.52	1.3	39.04	77.52	23.44
1449.3890	14.26	1.0	39.10	76.92	23.37
1450.3890	12.89	1.3	39.03	75.19	23.37
1451.3890	14.34	1.5	38.96	75.19	23.16
1452.3890	15.97	1.6	38.93	75.76	23.02
1453.3900	14.45	1.7	38.90	74.63	23.09
1454.3909	16.19	1.6	38.91	78.12	23.09
1455.3909	13.92	1.6	38.94	76.92	23.09
1456.3909	14.51	1.3	38.97	76.92	23.44
1457.3919	13.87	0.9	39.15	78.74	23.72
1458.3929	13.25	0.9	39.15	76.92	23.87
1459.3929	14.09	1.1	39.10	76.92	23.58
1460.3929	13.78	1.1	39.09	77.52	23.37
1461.3940	12.80	1.0	39.12	77.52	23.65
1462.3940	13.03	1.3	39.04	75.76	23.44
1463.3950	11.65	1.2	39.04	75.76	23.30
1464.3950	12.89	1.3	39.02	75.76	23.16
1465.3950	11.82	1.5	38.98	76.34	23.16
1466.3959	11.85	1.2	39.03	76.34	23.37
1467.3969	12.89	1.0	39.10	76.92	23.44
1468.3969	12.66	0.9	39.12	76.34	23.51
1469.3979	13.78	1.0	39.12	78.12	23.72
1470.3979	11.60	0.9	39.17	77.52	23.87
1471.3979	12.24	0.5	39.28	81.30	24.32
1472.3990	11.40	0.5	39.30	81.30	24.55
1473.3990	10.34	0.5	39.31	80.00	24.40
1474.4000	11.07	0.5	39.31	79.37	24.02
1475.4000	9.78	0.6	39.28	80.00	24.17
1476.4010	11.57	0.5	39.30	78.74	23.94
1477.4010	12.33	0.8	39.20	76.92	23.80
1478.4019	12.33	0.9	39.20	76.92	24.02
1479.4019	12.41	0.9	39.17	76.92	23.80
1480.4029	12.44	0.8	39.22	78.12	23.94
1481.4029	11.93	0.9	39.18	77.52	23.65
1482.4029	11.74	0.9	39.16	78.74	23.80
1483.4040	13.19	0.8	39.21	78.74	23.80
1484.4040	12.35	0.7	39.25	78.74	24.02
1485.4050	13.31	0.7	39.27	77.52	24.17
1486.4050	11.54	0.7	39.28	76.92	24.02
1487.4060	11.68	0.7	39.24	77.52	23.94
1488.4060	11.43	0.8	39.22	78.12	23.87
1489.4079	12.44	0.8	39.23	78.74	24.02
1490.4069	11.43	0.5	39.31	78.74	24.24
1491.4069	12.63	0.6	39.30	79.37	24.17
1492.4079	11.65	0.6	39.33	79.37	24.09
1493.4090	12.05	0.5	39.35	80.00	24.40
1494.4090	10.87	0.5	39.32	78.74	24.17
1495.4090	11.04	0.6	39.31	79.37	24.09
1496.4100	13.70	0.7	39.28	77.52	24.24
1497.4100	12.10	0.8	39.20	76.34	24.02
1498.4119	12.33	1.3	39.09	76.34	23.23
1499.4110	13.33	1.3	39.02	76.34	23.09
1500.4110	12.86	1.6	38.95	76.92	23.02
1501.4119	15.04	1.2	39.04	76.34	23.37
1502.4129	13.17	1.1	39.08	76.92	23.58
1503.4129	12.77	1.0	39.15	78.12	23.87
1504.4129	11.71	1.0	39.17	77.52	23.51
1505.4139	13.05	1.4	39.03	77.52	23.44
1506.4150	12.10	1.6	38.93	75.76	23.02
1507.4160	13.17	1.7	38.91	75.19	22.88
1508.4150	11.96	1.7	38.89	75.19	22.88
1509.4160	11.26	1.9	38.85	74.63	22.95
1510.4160	9.83	1.7	38.86	74.07	22.95
1511.4169	8.71	1.9	38.80	74.63	22.68
1512.4169	9.95	2.0	38.78	73.53	22.62
1513.4169	11.01	2.2	38.74	75.19	22.49
1514.4179	11.01	2.1	38.75	73.53	22.49
1515.4189	-7.42	0.5	39.20	20.53	22.23
1516.4189	-8.09	-0.0	39.48	0.00	21.85
1517.4189	-8.06	-0.0	39.50	0.00	21.08
1518.4200	-8.31	-0.0	39.50	0.00	20.52
1519.4210	-8.84	-0.0	39.50	0.00	19.94
1520.4210	-7.98	-0.0	39.53	0.00	18.47
1521.4210	-8.45	-0.1	39.55	0.00	17.75
1522.4219	-8.28	-0.0	39.55	0.00	16.13
1523.4219	0.34	-0.0	39.55	48.31	15.27
1524.4229	8.80	-0.0	39.55	0.00	12.99
1525.4229	9.41	-0.0	39.55	0.00	11.63
1526.4229	6.19	-0.0	39.55	0.00	18.17
1527.4250	18.91	2.0	39.04	74.07	15.90
1528.4250	15.71	11.1	36.22	73.53	15.52
1529.4250	12.38	10.9	36.00	74.63	15.83
1530.4250	8.69	3.8	37.87	0.00	15.83
1531.4260	9.47	-0.0	39.32	0.00	14.42
1532.4270	9.83	-0.0	39.40	0.00	14.18
1533.4270	10.67	-0.0	39.44	0.00	14.16
1534.4270	10.03	-0.0	39.44	0.00	13.88
1535.4279	10.31	-0.0	39.48	0.00	12.74
1536.4289	11.29	-0.0	39.50	0.00	13.90
1537.4289	8.29	-0.0	39.50	0.00	15.01
1538.4289	12.30	3.1	38.70	75.76	16.03
1539.4289	11.96	8.4	36.71	83.33	17.96
1540.4300	6.64	5.9	37.38	95.24	19.20
1541.4310	7.20	4.2	37.91	100.00	20.91
1542.4310	5.55	3.2	38.23	101.01	21.61
1543.4310	2.02	2.5	38.45	119.05	21.98
1544.4320	1.49	2.0	38.63	97.09	22.55
1545.4329	13.03	2.0	38.69	75.19	22.68
1546.4329	13.36	1.8	38.75	75.19	22.82
1547.4329	13.05	1.5	38.83	75.76	22.95
1548.4339	10.81	1.2	38.96	78.74	23.44
1549.4339	8.97	0.9	39.09	78.74	23.94
1550.4350	8.43	0.6	39.17	79.37	23.94
1551.4350	11.26	0.5	39.22	80.00	24.24
1552.4350	9.72	0.5	39.24	79.37	24.40
1553.4360	7.71	0.5	39.27	80.00	24.32
1554.4370	11.07	0.6	39.24	79.37	24.02
1555.4370	11.09	0.6	39.25	79.37	24.24
1556.4379	11.07	0.5	39.22	80.00	24.02
1557.4379	10.14	0.4	39.29	80.65	24.55
1558.4379	10.48	0.4	39.32	81.97	24.71
1559.4389	8.10	0.3	39.36	83.33	25.27
1560.4389	9.22	0.2	39.41	84.75	25.95
1561.4399	6.47	0.2	39.42	83.33	25.86
1562.4399	7.87	0.3	39.36	80.00	24.71
1563.4410	9.19	0.5	39.32	78.74	24.40
1564.4410	8.41	0.5	39.29	79.37	24.24
1565.4420	8.46	0.8	39.23	78.74	24.17
1566.4420	9.61	0.8	39.22	77.52	23.80
1567.4429	9.11	0.9	39.14	76.92	23.51
1568.4429	9.72	1.1	39.09	76.34	23.58
1569.4429	11.12	1.2	39.06	76.92	23.37
1570.4439	10.81	1.6	38.91	75.19	23.02
1571.4439	11.18	1.8	38.85	74.07	22.82
1572.4449	9.58	2.3	38.67	72.46	22.36
1573.4449	9.08	2.6	38.55	69.93	22.04
1574.4460	11.63	2.4	38.62	74.07	22.42
1575.4460	14.03	1.7	38.81	74.63	23.02
1576.4479	12.63	1.5	38.91	76.92	23.16
1577.4470	13.00	1.1	39.03	76.92	23.37
1578.4470	11.29	0.9	39.11	75.76	23.51
1579.4479	10.56	0.9	39.11	76.92	23.65
1580.4489	11.32	0.9	39.10	77.52	23.65
1581.4489	13.11	1.3	39.01	79.37	23.44
1582.4489	13.75	1.7	38.89	76.34	23.09
1583.4499	15.18	1.5	38.91	75.76	23.16
1584.4499	13.11	1.3	38.95	76.34	23.09
1585.4520	13.53	1.9	38.78	74.07	22.75
1586.4510	12.69	2.4	38.60	72.46	22.17
1587.4510	12.58	2.7	38.50	71.43	22.10
1588.4520	11.96	2.7	38.49	70.42	22.10
1589.4530	9.47	3.0	38.40	71.43	21.79
1590.4530	12.10	2.9	38.37	70.42	21.73
1591.4530	12.72	2.8	38.41	70.42	21.79
1592.4539	10.20	2.7	38.41	70.92	21.79
1593.4549	11.07	2.6	38.46	74.63	21.98
1594.4560	10.09	2.5	38.50	73.53	22.04
1595.4549	8.66	2.5	38.54	72.99	22.04
1596.4560	7.37	2.2	38.60	74.07	22.36
1597.4560	-5.99	1.7	38.72	32.15	22.49
1598.4570	-8.20	-0.0	39.33	0.00	21.31
1599.4570	-8.51	-0.0	39.38	0.00	20.80
1600.4570	-8.87	-0.0	39.42	0.00	19.99
1601.4580	-4.50	-0.0	39.44	0.00	19.35
1602.4589	11.46	1.7	39.04	64.10	19.44
1603.4589	17.56	4.5	37.96	68.97	20.42
1604.4589	13.75	3.1	38.33	72.46	21.61
1605.4599	13.28	2.3	38.54	73.53	22.17
1606.4610	14.01	2.1	38.68	75.19	22.62
1607.4610	11.99	1.5	38.85	76.34	23.02
1608.4610	8.69	1.5	38.85	75.76	23.02
1609.4620	10.65	2.3	38.62	72.46	22.17
1610.4620	6.64	3.2	38.31	71.43	21.31
1611.4630	8.15	4.2	37.98	66.23	20.63
1612.4630	15.32	4.3	37.84	67.11	20.36
1613.4630	15.66	3.9	37.99	70.42	21.08
1614.4649	11.74	3.2	38.22	69.93	21.25
1615.4649	12.38	3.2	38.22	70.92	21.49
1616.4649	12.02	2.7	38.36	72.46	22.04
1617.4649	12.80	0.8	38.93	0.00	21.55
1618.4659	13.47	-0.0	39.32	0.00	20.05
1619.4670	13.53	-0.0	39.33	0.00	19.16
1620.4670	13.75	-0.0	39.38	0.00	18.52
1621.4670	14.34	-0.0	39.38	0.00	17.83
1622.4680	14.01	-0.1	39.38	0.00	15.45
1623.4689	13.67	-0.1	39.38	0.00	14.95
1624.4689	13.75	-0.0	39.42	0.00	15.09
1625.4689	14.48	-0.1	39.44	0.00	16.26
1626.4689	14.34	-0.0	39.44	0.00	15.87
1627.4699	14.48	-0.0	39.44	0.00	16.33
1628.4709	20.14	-0.1	39.44	0.00	16.23
1629.4709	16.83	-0.0	39.44	0.00	17.09
1630.4709	14.65	-0.0	39.44	0.00	17.59
1631.4720	14.23	-0.0	39.44	0.00	18.88
1632.4730	13.00	-0.0	39.48	0.00	19.64
1633.4730	12.89	-0.1	39.50	0.00	21.20
1634.4730	-3.24	-0.1	39.50	63.69	22.17
1635.4739	7.57	0.2	39.39	51.55	23.51
1636.4739	8.52	-0.1	39.49	20.49	24.24
1637.4749	9.72	-0.1	39.50	0.00	24.17
1638.4749	9.08	-0.0	39.50	0.00	23.23
1639.4749	8.91	-0.0	39.50	0.00	22.29
1640.4759	-1.96	0.6	39.36	83.33	21.55
1641.4770	-6.60	3.2	38.44	69.44	21.67
1642.4770	1.15	3.5	38.31	63.29	21.43
1643.4780	-0.47	3.1	38.32	102.04	21.55
1644.4780	11.09	2.4	38.56	107.53	22.49
1645.4780	12.80	2.1	38.68	106.38	22.82
1646.4790	12.05	1.4	38.91	106.38	23.09
1647.5500	22.49	2.1	38.67	106.38	22.62
1648.6259	13.87	2.4	38.59	106.38	22.10
1649.6269	10.81	2.5	38.55	103.09	22.10
1650.6280	21.29	2.9	38.43	102.04	21.73
1651.6290	13.19	2.8	38.41	101.01	21.92
1652.6290	5.30	3.6	38.18	97.09	21.25
1653.6290	4.23	3.9	38.00	96.15	20.52
1654.6290	9.55	4.5	37.83	93.46	20.31
1655.6300	12.47	5.0	37.69	92.59	19.94
1656.6309	6.59	5.2	37.62	91.74	19.69
1657.6309	8.15	5.5	37.49	93.46	19.25
1658.6309	7.87	4.0	37.84	97.09	20.69
1659.6319	7.76	3.2	38.14	102.04	21.85
1660.6330	12.10	2.7	38.35	101.01	21.98
1661.6330	5.97	2.5	38.37	93.46	21.98
1662.6330	4.18	2.9	38.33	90.09	22.10
1663.6340	7.57	2.1	38.56	94.34	21.73
1664.6340	7.17	2.0	38.55	82.64	23.02
1665.6350	9.67	2.1	38.57	83.33	22.55
1666.6350	8.74	1.8	38.66	84.75	22.82
1667.6350	10.93	1.5	38.74	86.96	22.95
1668.6359	9.30	1.1	38.90	87.72	23.51
1669.6369	7.20	0.6	39.03	88.50	23.58
1670.6369	7.82	0.7	39.06	90.09	24.09
1671.6379	6.59	0.7	39.05	90.09	23.65
1672.6379	8.07	1.2	38.95	86.96	23.51
1673.6379	8.60	1.5	38.85	86.96	22.95
1674.6390	12.30	1.7	38.75	85.47	22.88
1675.6390	12.52	1.6	38.76	86.96	22.82
1676.6400	12.94	1.6	38.74	85.47	22.95
1677.6400	13.87	1.6	38.80	86.21	23.02
1678.6409	13.67	1.4	38.84	86.21	23.02
1679.6409	13.67	1.3	38.87	86.96	23.09
1680.6419	11.49	1.5	38.85	86.21	23.16
1681.6419	10.62	1.4	38.86	88.50	23.23
1682.6429	9.39	1.4	38.86	89.29	23.23
1683.6429	10.90	1.5	38.85	88.50	23.30
1684.6429	9.41	1.4	38.86	84.03	23.23
1685.6440	9.61	1.5	38.80	84.75	22.88
1686.6440	11.23	1.7	38.76	86.21	22.88
1687.6450	11.57	1.8	38.73	84.75	22.82
1688.6450	11.49	1.6	38.77	84.75	22.88
1689.6459	12.52	1.6	38.78	86.96	23.02
1690.6459	13.95	1.7	38.76	86.96	23.02
1691.6479	13.70	1.9	38.72	85.47	22.75
1692.6469	10.34	1.6	38.78	86.21	23.16
1693.6469	13.22	1.4	38.84	86.96	23.09
1694.6479	8.77	1.5	38.83	86.96	23.16
1695.6490	9.58	1.5	38.81	88.50	23.09
1696.6490	8.97	1.4	38.85	90.09	23.16
1697.6490	7.48	1.4	38.85	86.21	23.30
1698.6500	11.18	1.3	38.85	86.96	23.16
1699.6500	8.97	1.8	38.76	84.75	22.75
1700.6519	10.14	2.2	38.62	82.64	22.17
1701.6510	11.51	2.8	38.36	81.30	21.98
1702.6510	11.37	2.6	38.41	82.64	22.29
1703.6519	9.11	2.1	38.58	84.75	22.62
1704.6529	3.70	1.7	38.73	49.26	22.88
1705.6529	-6.07	-0.0	39.26	94.34	22.68
1706.6529	13.42	0.5	39.19	84.75	22.55
1707.6540	15.13	1.5	38.82	86.96	23.09
1708.6550	10.70	1.2	38.92	88.50	23.37
1709.6560	-5.32	0.9	39.01	35.59	23.51
1710.6550	3.67	-0.1	39.33	83.33	22.29
1711.6560	8.57	1.7	38.91	81.30	21.67
1712.6560	8.04	2.9	38.42	81.97	21.73
1713.6569	9.05	2.6	38.44	82.64	22.10
1714.6569	10.20	2.4	38.51	82.64	22.29
1715.6569	8.69	2.3	38.52	84.75	22.29
1716.6579	-7.50	1.2	38.84	39.06	22.62
1717.6590	-9.77	-0.0	39.32	0.00	22.04
1718.6590	-9.07	-0.0	39.35	0.00	21.14
1719.6590	-9.24	-0.0	39.38	0.00	20.97
1720.6600	-9.32	-0.0	39.38	0.00	20.42
1721.6610	-9.38	-0.0	39.38	0.00	19.94
1722.6610	-9.63	-0.0	39.38	0.00	19.64
1723.6610	-9.12	-0.0	39.38	0.00	18.88
1724.6619	-9.74	-0.0	39.42	0.00	18.17
1725.6619	-8.93	-0.0	39.43	0.00	17.55
1726.6629	3.62	0.1	39.42	72.99	16.03
1727.6629	-10.13	7.8	36.89	32.89	16.51
1728.6629	-10.13	-0.0	39.18	0.00	15.33
1729.6650	10.25	3.5	38.44	69.93	14.23
1730.6650	9.25	10.1	36.16	75.76	14.50
1731.6650	11.07	9.7	36.30	77.52	14.95
1732.6650	8.80	10.2	35.99	83.33	15.12
1733.6660	-10.33	3.5	37.75	35.71	16.51
1734.6669	-15.09	-0.0	39.14	0.00	15.70
1735.6669	-13.35	-0.0	39.22	0.00	14.92
1736.6669	-9.71	-0.0	39.27	0.00	14.89
1737.6679	-9.29	-0.0	39.27	0.00	13.10
1738.6689	-10.36	-0.0	39.30	0.00	14.39
1739.6689	-11.06	-0.0	39.33	0.00	14.31
1740.6689	-16.57	-0.0	39.33	0.00	13.88
1741.6689	16.27	1.8	38.87	68.03	12.87
1742.6700	16.22	10.5	36.11	85.47	15.52
1743.6710	7.87	8.9	36.65	93.46	17.63
1744.6710	9.55	6.3	37.07	99.01	19.06
1745.6710	13.47	5.4	37.45	93.46	19.69
1746.6719	11.43	4.7	37.59	94.34	19.99
1747.6729	6.53	4.7	37.71	84.75	20.31
1748.6729	11.43	4.1	37.75	88.50	20.47
1749.6729	9.13	3.7	37.96	90.09	21.20
1750.6739	8.69	2.8	38.14	91.74	21.61
1751.6739	9.25	2.4	38.32	92.59	21.98
1752.6750	12.47	2.5	38.37	94.34	22.17
1753.6750	12.21	2.5	38.34	91.74	22.04
1754.6750	10.53	3.1	38.14	89.29	21.31
1755.6760	11.54	3.5	38.04	88.50	21.02
1756.6770	9.13	3.4	38.05	92.59	21.08
1757.6770	7.93	3.1	38.18	91.74	21.61
1758.6779	7.48	2.7	38.23	92.59	21.92
1759.6779	11.99	2.3	38.39	91.74	22.36
1760.6779	9.36	2.1	38.47	94.34	22.42
1761.6789	6.28	2.1	38.48	93.46	22.36
1762.6789	5.44	1.9	38.53	95.24	22.68
1763.6800	3.25	1.8	38.58	96.15	22.75
1764.6800	7.34	1.6	38.64	96.15	22.82
1765.6810	-1.06	1.2	38.74	49.02	23.09
1766.6810	-10.78	-0.0	39.17	0.00	22.23
1767.6820	-11.17	-0.1	39.21	0.00	21.49
1768.6820	-11.50	-0.0	39.22	0.00	20.58
1769.6829	-11.59	-0.1	39.27	0.00	18.43
1770.6829	8.69	-0.0	39.27	71.43	16.72
1771.6829	7.93	7.0	37.21	76.34	17.43
1772.6839	6.31	5.3	37.42	84.03	19.69
1773.6839	-8.42	2.8	38.12	34.13	19.94
1774.6850	-10.61	-0.1	39.14	0.00	19.39
1775.6850	-10.97	-0.1	39.21	0.00	19.20
1776.6860	6.08	0.1	39.19	84.03	19.69
1777.6860	7.17	4.1	38.01	86.21	20.63
1778.6879	6.64	2.9	38.21	93.46	21.61
1779.6870	7.26	1.7	38.58	50.00	22.75
1780.6870	-11.22	-0.0	39.16	21.37	22.82
1781.6879	-10.66	-0.1	39.23	0.00	22.62
1782.6889	-10.69	-0.0	39.27	0.00	22.55
1783.6889	-10.61	-0.1	39.27	0.00	21.85
1784.6889	-10.47	-0.1	39.27	0.00	19.89
1785.6899	-10.58	-0.0	39.28	0.00	18.08
1786.6899	-10.80	-0.0	39.31	0.00	16.06
1787.6920	9.69	-0.1	39.33	62.50	14.83
1788.6910	7.51	7.3	37.25	71.43	15.80
1789.7089	8.55	6.7	36.99	78.74	18.21
1790.7099	11.60	4.9	37.50	83.33	20.05
1791.7099	11.54	3.5	37.97	87.72	20.97
1792.7110	7.09	2.8	38.19	95.24	21.85
1793.7110	5.58	2.2	38.41	94.34	22.10
1794.7110	-7.53	0.9	38.83	35.84	22.55
1795.7130	-10.97	-0.0	39.20	0.00	22.23
1796.7130	-14.14	-0.0	39.22	0.00	22.17
1797.7130	-12.68	-0.0	39.26	0.00	21.98
1798.7130	-10.44	-0.1	39.27	0.00	21.85
1799.7139	-10.10	-0.1	39.27	0.00	21.73
1800.7149	-10.94	-0.0	39.27	0.00	21.98
1801.7149	-10.38	-0.1	39.30	0.00	21.79
1802.7149	-10.97	-0.1	39.32	0.00	20.63
1803.7159	-9.32	-0.1	39.33	0.00	20.47
1804.7170	-9.94	-0.1	39.33	0.00	20.20
1805.7170	-9.10	-0.1	39.33	0.00	19.84
1806.7170	-8.93	-0.0	39.33	0.00	19.16
1807.7170	-9.10	-0.0	39.33	0.00	18.69
1808.7180	-9.21	-0.0	39.34	0.00	17.09
1809.7189	-9.40	-0.1	39.36	0.00	16.16
1810.7189	-9.29	-0.0	39.38	0.00	15.27
1811.7189	-9.32	-0.0	39.38	0.00	13.71
1812.7199	-9.01	-0.1	39.38	0.00	12.53
1813.7209	-8.26	-0.1	39.38	0.00	11.31
1814.7209	4.43	-0.1	39.38	0.00	10.87
1815.7209	28.29	4.7	38.16	49.75	9.57
1816.7220	14.43	10.5	36.14	67.57	14.56
1817.7220	6.53	7.5	36.66	79.37	17.79
1818.7230	-5.71	4.1	37.73	34.25	19.79
1819.7230	-9.52	-0.0	39.14	0.00	19.69
1820.7230	-12.32	-0.0	39.24	0.00	19.54
1821.7239	-12.62	-0.1	39.27	0.00	19.39
1822.7249	-12.51	-0.0	39.28	0.00	19.69
1823.7249	-11.84	-0.1	39.32	0.00	18.97
1824.7259	-12.51	-0.0	39.33	0.00	19.39
1825.7259	-12.04	-0.1	39.33	0.00	18.60
1826.7259	-11.36	-0.1	39.33	0.00	18.21
1827.7270	-10.80	-0.1	39.33	0.00	17.96
1828.7270	8.60	-0.0	39.34	74.63	18.13
1829.7280	13.73	-0.1	39.37	74.63	17.51
1830.7280	15.94	-0.1	39.38	71.94	17.32
1831.7290	14.26	-0.1	39.38	71.43	16.76
1832.7290	15.99	-0.1	39.38	71.43	16.44
1833.7299	14.45	-0.1	39.38	71.43	16.87
1834.7299	13.64	-0.0	39.38	67.57	16.94
1835.7309	8.49	-0.0	39.38	65.79	16.16
1836.7309	10.67	-0.1	39.38	64.10	15.39
1837.7309	22.18	-0.1	39.38	61.35	14.64
1838.7320	24.73	-0.1	39.39	58.82	14.05
1839.7320	11.29	-0.1	39.42	55.87	13.35
1840.7330	13.64	-0.1	39.43	55.25	13.28
1841.7330	28.46	-0.0	39.44	55.87	13.15
1842.7340	16.69	-0.1	39.44	53.76	12.93
1843.7340	7.87	-0.0	39.44	51.81	12.55
1844.7359	30.75	-0.0	39.44	53.76	12.47
1845.7349	6.87	0.0	39.42	52.36	12.61
1846.7349	7.51	3.6	38.41	58.14	12.72
1847.7359	23.08	2.1	38.65	64.52	14.31
1848.7370	10.48	1.2	38.94	66.23	15.52
1849.7370	-8.82	1.0	39.04	32.68	15.52
1850.7370	-10.24	-0.0	39.37	0.00	15.09
1851.7380	-10.64	-0.0	39.39	0.00	14.16
1852.7380	-10.83	-0.0	39.44	0.00	13.54
1853.7399	-10.52	-0.0	39.44	0.00	12.82
1854.7390	-10.50	-0.0	39.44	0.00	9.88
1855.7390	-9.52	-0.0	39.44	0.00	9.42
1856.7399	-8.37	-0.1	39.44	0.00	8.37
1857.7409	-2.94	-0.1	39.44	0.00	8.37
1858.7409	2.05	-0.1	39.44	0.00	0.00
1859.7409	-0.30	-0.0	39.44	0.00	0.00
1860.7419	-0.05	-0.1	39.44	0.00	0.00
